Iteration: 1 bestvalit: 373.140000 bestmemit:    0.458275    0.098021    0.013615    0.049791    0.141202    0.027478    0.406237    0.170911    0.410085    0.532323    0.405283    0.094735    2.437310    0.018950    0.075261    0.012504    4.869264    4.111628    1.161138    1.907032    1.714424    1.858040    1.198220    2.008571
Iteration: 2 bestvalit: 352.785000 bestmemit:    0.400549    0.083454    0.083039    0.011740    0.532334    0.013176    0.072247    0.480651    0.346734    0.492461    0.335217    0.296616    3.357900    0.017839    0.021053    0.014413    8.654769    7.441522    1.790236    1.664496    1.946260    1.670020    0.881925    2.040517
Iteration: 3 bestvalit: 342.440000 bestmemit:    0.358138    0.092041    0.005941    0.042034    0.809633    0.047945    0.250558    0.333366    0.244869    0.442461    0.416386    0.249856    0.697104    0.008206    0.010851    0.001674    6.884134    7.227580    1.040894    1.718926    1.973030    1.947535    1.152409    1.962443
Iteration: 4 bestvalit: 342.440000 bestmemit:    0.358138    0.092041    0.005941    0.042034    0.809633    0.047945    0.250558    0.333366    0.244869    0.442461    0.416386    0.249856    0.697104    0.008206    0.010851    0.001674    6.884134    7.227580    1.040894    1.718926    1.973030    1.947535    1.152409    1.962443
Iteration: 5 bestvalit: 342.440000 bestmemit:    0.358138    0.092041    0.005941    0.042034    0.809633    0.047945    0.250558    0.333366    0.244869    0.442461    0.416386    0.249856    0.697104    0.008206    0.010851    0.001674    6.884134    7.227580    1.040894    1.718926    1.973030    1.947535    1.152409    1.962443
Iteration: 6 bestvalit: 342.440000 bestmemit:    0.358138    0.092041    0.005941    0.042034    0.809633    0.047945    0.250558    0.333366    0.244869    0.442461    0.416386    0.249856    0.697104    0.008206    0.010851    0.001674    6.884134    7.227580    1.040894    1.718926    1.973030    1.947535    1.152409    1.962443
Iteration: 7 bestvalit: 342.440000 bestmemit:    0.358138    0.092041    0.005941    0.042034    0.809633    0.047945    0.250558    0.333366    0.244869    0.442461    0.416386    0.249856    0.697104    0.008206    0.010851    0.001674    6.884134    7.227580    1.040894    1.718926    1.973030    1.947535    1.152409    1.962443
Iteration: 8 bestvalit: 336.375000 bestmemit:    0.358138    0.092041    0.005941    0.042034    0.809633    0.047945    0.250558    0.333366    0.244869    0.442461    0.416386    0.249856    0.697104    0.008206    0.010851    0.024332    8.020822    7.227580    1.040894    1.718926    1.973030    1.947535    1.152409    1.962443
Iteration: 9 bestvalit: 336.375000 bestmemit:    0.358138    0.092041    0.005941    0.042034    0.809633    0.047945    0.250558    0.333366    0.244869    0.442461    0.416386    0.249856    0.697104    0.008206    0.010851    0.024332    8.020822    7.227580    1.040894    1.718926    1.973030    1.947535    1.152409    1.962443
Iteration: 10 bestvalit: 335.300000 bestmemit:    0.358138    0.092041    0.005941    0.042034    0.809633    0.047945    0.029347    0.205135    0.269492    0.633921    0.416386    0.249856    0.697104    0.008206    0.010851    0.024332    8.020822    7.227580    1.040894    1.718926    1.973030    1.947535    1.152409    1.962443
Iteration: 11 bestvalit: 316.560000 bestmemit:    0.357902    0.069984    0.009188    0.065954    0.292761    0.044576    0.146416    0.359619    0.446574    0.408367    0.468110    0.377766    3.163164    0.044083    0.023391    0.041778    6.955076    5.362583    1.365609    1.960054    1.701134    1.873515    0.926107    1.891495
Iteration: 12 bestvalit: 316.560000 bestmemit:    0.357902    0.069984    0.009188    0.065954    0.292761    0.044576    0.146416    0.359619    0.446574    0.408367    0.468110    0.377766    3.163164    0.044083    0.023391    0.041778    6.955076    5.362583    1.365609    1.960054    1.701134    1.873515    0.926107    1.891495
