Iteration: 1 bestvalit: 506.920000 bestmemit:    0.014262    0.039719    0.068088    0.562978    0.221561    0.125223    0.220793    0.079871    0.571082    0.358387    0.634924    3.244620    0.015584    0.001109    0.000770    2.902042    2.993466    0.045055    2.201843    2.082443    1.813586    0.408849    1.128659    1.830947
Iteration: 2 bestvalit: 506.920000 bestmemit:    0.014262    0.039719    0.068088    0.562978    0.221561    0.125223    0.220793    0.079871    0.571082    0.358387    0.634924    3.244620    0.015584    0.001109    0.000770    2.902042    2.993466    0.045055    2.201843    2.082443    1.813586    0.408849    1.128659    1.830947
Iteration: 3 bestvalit: 506.920000 bestmemit:    0.014262    0.039719    0.068088    0.562978    0.221561    0.125223    0.220793    0.079871    0.571082    0.358387    0.634924    3.244620    0.015584    0.001109    0.000770    2.902042    2.993466    0.045055    2.201843    2.082443    1.813586    0.408849    1.128659    1.830947
Iteration: 4 bestvalit: 431.940000 bestmemit:    0.031845    0.072468    0.039497    0.745090    0.329354    0.198960    0.152402    0.018645    0.529180    0.530434    0.915252    1.701991    0.006974    0.004269    0.003213    1.407711    6.891782    0.596593    2.362213    2.427471    1.658202    0.600895    1.098030    2.121309
Iteration: 5 bestvalit: 431.940000 bestmemit:    0.031845    0.072468    0.039497    0.745090    0.329354    0.198960    0.152402    0.018645    0.529180    0.530434    0.915252    1.701991    0.006974    0.004269    0.003213    1.407711    6.891782    0.596593    2.362213    2.427471    1.658202    0.600895    1.098030    2.121309
Iteration: 6 bestvalit: 431.940000 bestmemit:    0.031845    0.072468    0.039497    0.745090    0.329354    0.198960    0.152402    0.018645    0.529180    0.530434    0.915252    1.701991    0.006974    0.004269    0.003213    1.407711    6.891782    0.596593    2.362213    2.427471    1.658202    0.600895    1.098030    2.121309
Iteration: 7 bestvalit: 431.940000 bestmemit:    0.031845    0.072468    0.039497    0.745090    0.329354    0.198960    0.152402    0.018645    0.529180    0.530434    0.915252    1.701991    0.006974    0.004269    0.003213    1.407711    6.891782    0.596593    2.362213    2.427471    1.658202    0.600895    1.098030    2.121309
Iteration: 8 bestvalit: 345.995000 bestmemit:    0.043904    0.069171    0.089022    0.951352    0.361953    0.287753    0.272003    0.186085    0.309853    0.963465    0.520157    2.453534    0.042991    0.003997    0.002135    4.046060    3.324920    1.699710    2.298452    2.192306    2.274110    0.077164    1.050307    2.015899
Iteration: 9 bestvalit: 345.995000 bestmemit:    0.043904    0.069171    0.089022    0.951352    0.361953    0.287753    0.272003    0.186085    0.309853    0.963465    0.520157    2.453534    0.042991    0.003997    0.002135    4.046060    3.324920    1.699710    2.298452    2.192306    2.274110    0.077164    1.050307    2.015899
Iteration: 10 bestvalit: 345.995000 bestmemit:    0.043904    0.069171    0.089022    0.951352    0.361953    0.287753    0.272003    0.186085    0.309853    0.963465    0.520157    2.453534    0.042991    0.003997    0.002135    4.046060    3.324920    1.699710    2.298452    2.192306    2.274110    0.077164    1.050307    2.015899
Iteration: 11 bestvalit: 322.700000 bestmemit:    0.042944    0.068624    0.055691    0.718222    0.364272    0.230837    0.076467    0.147703    0.437867    0.879890    0.140669    4.968802    0.073742    0.005023    0.004203    3.844476    5.478393    1.881249    2.472880    1.940359    1.857242    0.975411    1.101224    1.954789
Iteration: 12 bestvalit: 322.700000 bestmemit:    0.042944    0.068624    0.055691    0.718222    0.364272    0.230837    0.076467    0.147703    0.437867    0.879890    0.140669    4.968802    0.073742    0.005023    0.004203    3.844476    5.478393    1.881249    2.472880    1.940359    1.857242    0.975411    1.101224    1.954789
Iteration: 13 bestvalit: 322.700000 bestmemit:    0.042944    0.068624    0.055691    0.718222    0.364272    0.230837    0.076467    0.147703    0.437867    0.879890    0.140669    4.968802    0.073742    0.005023    0.004203    3.844476    5.478393    1.881249    2.472880    1.940359    1.857242    0.975411    1.101224    1.954789
Iteration: 14 bestvalit: 306.835000 bestmemit:    0.042944    0.068624    0.055691    0.718222    0.364272    0.230837    0.076467    0.147703    0.437867    0.879890    0.140669    4.968802    0.073742    0.005023    0.004203    3.844476    5.478393    1.881249    2.472880    2.102522    2.049712    0.975411    1.101224    1.954789
Iteration: 15 bestvalit: 306.835000 bestmemit:    0.042944    0.068624    0.055691    0.718222    0.364272    0.230837    0.076467    0.147703    0.437867    0.879890    0.140669    4.968802    0.073742    0.005023    0.004203    3.844476    5.478393    1.881249    2.472880    2.102522    2.049712    0.975411    1.101224    1.954789
Iteration: 16 bestvalit: 235.035000 bestmemit:    0.043904    0.069171    0.089022    0.951352    0.361953    0.287753    0.272003    0.186085    0.309853    0.963465    0.520157    2.453534    0.042991    0.003997    0.002135    4.046060    3.324920    1.699710    2.298452    2.378927    2.011879    0.907878    1.050307    2.015899
Iteration: 17 bestvalit: 235.035000 bestmemit:    0.043904    0.069171    0.089022    0.951352    0.361953    0.287753    0.272003    0.186085    0.309853    0.963465    0.520157    2.453534    0.042991    0.003997    0.002135    4.046060    3.324920    1.699710    2.298452    2.378927    2.011879    0.907878    1.050307    2.015899
Iteration: 18 bestvalit: 235.035000 bestmemit:    0.043904    0.069171    0.089022    0.951352    0.361953    0.287753    0.272003    0.186085    0.309853    0.963465    0.520157    2.453534    0.042991    0.003997    0.002135    4.046060    3.324920    1.699710    2.298452    2.378927    2.011879    0.907878    1.050307    2.015899
Iteration: 19 bestvalit: 235.035000 bestmemit:    0.043904    0.069171    0.089022    0.951352    0.361953    0.287753    0.272003    0.186085    0.309853    0.963465    0.520157    2.453534    0.042991    0.003997    0.002135    4.046060    3.324920    1.699710    2.298452    2.378927    2.011879    0.907878    1.050307    2.015899
Iteration: 20 bestvalit: 235.035000 bestmemit:    0.043904    0.069171    0.089022    0.951352    0.361953    0.287753    0.272003    0.186085    0.309853    0.963465    0.520157    2.453534    0.042991    0.003997    0.002135    4.046060    3.324920    1.699710    2.298452    2.378927    2.011879    0.907878    1.050307    2.015899
Iteration: 21 bestvalit: 235.035000 bestmemit:    0.043904    0.069171    0.089022    0.951352    0.361953    0.287753    0.272003    0.186085    0.309853    0.963465    0.520157    2.453534    0.042991    0.003997    0.002135    4.046060    3.324920    1.699710    2.298452    2.378927    2.011879    0.907878    1.050307    2.015899
Iteration: 22 bestvalit: 235.035000 bestmemit:    0.043904    0.069171    0.089022    0.951352    0.361953    0.287753    0.272003    0.186085    0.309853    0.963465    0.520157    2.453534    0.042991    0.003997    0.002135    4.046060    3.324920    1.699710    2.298452    2.378927    2.011879    0.907878    1.050307    2.015899
Iteration: 23 bestvalit: 235.035000 bestmemit:    0.043904    0.069171    0.089022    0.951352    0.361953    0.287753    0.272003    0.186085    0.309853    0.963465    0.520157    2.453534    0.042991    0.003997    0.002135    4.046060    3.324920    1.699710    2.298452    2.378927    2.011879    0.907878    1.050307    2.015899
Iteration: 24 bestvalit: 235.035000 bestmemit:    0.043904    0.069171    0.089022    0.951352    0.361953    0.287753    0.272003    0.186085    0.309853    0.963465    0.520157    2.453534    0.042991    0.003997    0.002135    4.046060    3.324920    1.699710    2.298452    2.378927    2.011879    0.907878    1.050307    2.015899
Iteration: 25 bestvalit: 235.035000 bestmemit:    0.043904    0.069171    0.089022    0.951352    0.361953    0.287753    0.272003    0.186085    0.309853    0.963465    0.520157    2.453534    0.042991    0.003997    0.002135    4.046060    3.324920    1.699710    2.298452    2.378927    2.011879    0.907878    1.050307    2.015899
Iteration: 26 bestvalit: 235.035000 bestmemit:    0.043904    0.069171    0.089022    0.951352    0.361953    0.287753    0.272003    0.186085    0.309853    0.963465    0.520157    2.453534    0.042991    0.003997    0.002135    4.046060    3.324920    1.699710    2.298452    2.378927    2.011879    0.907878    1.050307    2.015899
Iteration: 27 bestvalit: 235.035000 bestmemit:    0.043904    0.069171    0.089022    0.951352    0.361953    0.287753    0.272003    0.186085    0.309853    0.963465    0.520157    2.453534    0.042991    0.003997    0.002135    4.046060    3.324920    1.699710    2.298452    2.378927    2.011879    0.907878    1.050307    2.015899
Iteration: 28 bestvalit: 235.035000 bestmemit:    0.043904    0.069171    0.089022    0.951352    0.361953    0.287753    0.272003    0.186085    0.309853    0.963465    0.520157    2.453534    0.042991    0.003997    0.002135    4.046060    3.324920    1.699710    2.298452    2.378927    2.011879    0.907878    1.050307    2.015899
Iteration: 29 bestvalit: 235.035000 bestmemit:    0.043904    0.069171    0.089022    0.951352    0.361953    0.287753    0.272003    0.186085    0.309853    0.963465    0.520157    2.453534    0.042991    0.003997    0.002135    4.046060    3.324920    1.699710    2.298452    2.378927    2.011879    0.907878    1.050307    2.015899
Iteration: 30 bestvalit: 235.035000 bestmemit:    0.043904    0.069171    0.089022    0.951352    0.361953    0.287753    0.272003    0.186085    0.309853    0.963465    0.520157    2.453534    0.042991    0.003997    0.002135    4.046060    3.324920    1.699710    2.298452    2.378927    2.011879    0.907878    1.050307    2.015899
Iteration: 31 bestvalit: 235.035000 bestmemit:    0.043904    0.069171    0.089022    0.951352    0.361953    0.287753    0.272003    0.186085    0.309853    0.963465    0.520157    2.453534    0.042991    0.003997    0.002135    4.046060    3.324920    1.699710    2.298452    2.378927    2.011879    0.907878    1.050307    2.015899
Iteration: 32 bestvalit: 235.035000 bestmemit:    0.043904    0.069171    0.089022    0.951352    0.361953    0.287753    0.272003    0.186085    0.309853    0.963465    0.520157    2.453534    0.042991    0.003997    0.002135    4.046060    3.324920    1.699710    2.298452    2.378927    2.011879    0.907878    1.050307    2.015899
Iteration: 33 bestvalit: 235.035000 bestmemit:    0.043904    0.069171    0.089022    0.951352    0.361953    0.287753    0.272003    0.186085    0.309853    0.963465    0.520157    2.453534    0.042991    0.003997    0.002135    4.046060    3.324920    1.699710    2.298452    2.378927    2.011879    0.907878    1.050307    2.015899
Iteration: 34 bestvalit: 235.035000 bestmemit:    0.043904    0.069171    0.089022    0.951352    0.361953    0.287753    0.272003    0.186085    0.309853    0.963465    0.520157    2.453534    0.042991    0.003997    0.002135    4.046060    3.324920    1.699710    2.298452    2.378927    2.011879    0.907878    1.050307    2.015899
Iteration: 35 bestvalit: 235.035000 bestmemit:    0.043904    0.069171    0.089022    0.951352    0.361953    0.287753    0.272003    0.186085    0.309853    0.963465    0.520157    2.453534    0.042991    0.003997    0.002135    4.046060    3.324920    1.699710    2.298452    2.378927    2.011879    0.907878    1.050307    2.015899
Iteration: 36 bestvalit: 235.035000 bestmemit:    0.043904    0.069171    0.089022    0.951352    0.361953    0.287753    0.272003    0.186085    0.309853    0.963465    0.520157    2.453534    0.042991    0.003997    0.002135    4.046060    3.324920    1.699710    2.298452    2.378927    2.011879    0.907878    1.050307    2.015899
Iteration: 37 bestvalit: 235.035000 bestmemit:    0.043904    0.069171    0.089022    0.951352    0.361953    0.287753    0.272003    0.186085    0.309853    0.963465    0.520157    2.453534    0.042991    0.003997    0.002135    4.046060    3.324920    1.699710    2.298452    2.378927    2.011879    0.907878    1.050307    2.015899
Iteration: 38 bestvalit: 235.035000 bestmemit:    0.043904    0.069171    0.089022    0.951352    0.361953    0.287753    0.272003    0.186085    0.309853    0.963465    0.520157    2.453534    0.042991    0.003997    0.002135    4.046060    3.324920    1.699710    2.298452    2.378927    2.011879    0.907878    1.050307    2.015899
Iteration: 39 bestvalit: 235.035000 bestmemit:    0.043904    0.069171    0.089022    0.951352    0.361953    0.287753    0.272003    0.186085    0.309853    0.963465    0.520157    2.453534    0.042991    0.003997    0.002135    4.046060    3.324920    1.699710    2.298452    2.378927    2.011879    0.907878    1.050307    2.015899
