Iteration: 1 bestvalit: 157.180000 bestmemit:    0.400549    0.083454    0.083039    0.086465    0.374959    0.420465    0.072247    0.480651    0.346734    0.492461    0.335217    0.296616    3.357900    0.017839    0.021053    0.014413    4.166456    6.716921    1.790236    1.664496    1.946260    1.670020    0.881925    2.040517
Iteration: 2 bestvalit: 157.180000 bestmemit:    0.400549    0.083454    0.083039    0.086465    0.374959    0.420465    0.072247    0.480651    0.346734    0.492461    0.335217    0.296616    3.357900    0.017839    0.021053    0.014413    4.166456    6.716921    1.790236    1.664496    1.946260    1.670020    0.881925    2.040517
Iteration: 3 bestvalit: 157.180000 bestmemit:    0.400549    0.083454    0.083039    0.086465    0.374959    0.420465    0.072247    0.480651    0.346734    0.492461    0.335217    0.296616    3.357900    0.017839    0.021053    0.014413    4.166456    6.716921    1.790236    1.664496    1.946260    1.670020    0.881925    2.040517
Iteration: 4 bestvalit: 157.170000 bestmemit:    0.400549    0.083454    0.083039    0.039632    0.374959    0.420465    0.072247    0.480651    0.346734    0.492461    0.335217    0.296616    3.357900    0.017839    0.021053    0.014413    4.166456    6.716921    1.790236    1.664496    1.946260    1.670020    0.881925    2.040517
Iteration: 5 bestvalit: 157.170000 bestmemit:    0.400549    0.083454    0.083039    0.039632    0.374959    0.420465    0.072247    0.480651    0.346734    0.492461    0.335217    0.296616    3.357900    0.017839    0.021053    0.014413    4.166456    6.716921    1.790236    1.664496    1.946260    1.670020    0.881925    2.040517
Iteration: 6 bestvalit: 157.170000 bestmemit:    0.400549    0.083454    0.083039    0.039632    0.374959    0.420465    0.072247    0.480651    0.346734    0.492461    0.335217    0.296616    3.357900    0.017839    0.021053    0.014413    4.166456    6.716921    1.790236    1.664496    1.946260    1.670020    0.881925    2.040517
Iteration: 7 bestvalit: 157.140000 bestmemit:    0.400549    0.083454    0.083039    0.079546    0.821270    0.420465    0.072247    0.480651    0.346734    0.492461    0.335217    0.296616    3.357900    0.017839    0.021053    0.014413    4.166456    6.716921    1.790236    1.664496    1.946260    1.670020    0.881925    2.040517
Iteration: 8 bestvalit: 116.660000 bestmemit:    0.284077    0.051725    0.057270    0.038793    0.786315    0.140309    0.029300    0.202044    0.347915    0.354082    0.224977    0.436496    4.710316    0.010224    0.003721    0.060826    4.179229    9.954754    1.759263    1.652245    1.897513    1.638195    1.058850    2.062519
Iteration: 9 bestvalit: 116.660000 bestmemit:    0.284077    0.051725    0.057270    0.038793    0.786315    0.140309    0.029300    0.202044    0.347915    0.354082    0.224977    0.436496    4.710316    0.010224    0.003721    0.060826    4.179229    9.954754    1.759263    1.652245    1.897513    1.638195    1.058850    2.062519
Iteration: 10 bestvalit: 116.660000 bestmemit:    0.284077    0.051725    0.057270    0.038793    0.786315    0.140309    0.029300    0.202044    0.347915    0.354082    0.224977    0.436496    4.710316    0.010224    0.003721    0.060826    4.179229    9.954754    1.759263    1.652245    1.897513    1.638195    1.058850    2.062519
Iteration: 11 bestvalit: 111.000000 bestmemit:    0.440865    0.084443    0.093895    0.071068    0.874656    0.499413    0.330549    0.179555    0.292726    0.272853    0.444421    0.251942    4.681046    0.025272    0.026499    0.004158    7.830821    5.791683    1.586024    1.572243    1.988966    1.502317    0.863253    1.904150
Iteration: 12 bestvalit: 111.000000 bestmemit:    0.440865    0.084443    0.093895    0.071068    0.874656    0.499413    0.330549    0.179555    0.292726    0.272853    0.444421    0.251942    4.681046    0.025272    0.026499    0.004158    7.830821    5.791683    1.586024    1.572243    1.988966    1.502317    0.863253    1.904150
Iteration: 13 bestvalit: 108.080000 bestmemit:    0.284077    0.051725    0.057270    0.038793    0.786315    0.140309    0.029300    0.239760    0.490735    0.511851    0.493327    0.436496    4.710316    0.010224    0.003721    0.060826    4.179229    9.954754    1.759263    1.652245    1.897513    1.638195    0.822382    2.062519
Iteration: 14 bestvalit: 108.020000 bestmemit:    0.284077    0.051725    0.057270    0.038793    0.786315    0.140309    0.029300    0.239760    0.490735    0.511851    0.493327    0.436496    4.710316    0.010224    0.003721    0.060826    4.179229    9.954754    1.759263    1.652245    1.897513    1.769830    0.822382    2.062519
Iteration: 15 bestvalit: 108.020000 bestmemit:    0.284077    0.051725    0.057270    0.038793    0.786315    0.140309    0.029300    0.239760    0.490735    0.511851    0.493327    0.436496    4.710316    0.010224    0.003721    0.060826    4.179229    9.954754    1.759263    1.652245    1.897513    1.769830    0.822382    2.062519
Iteration: 16 bestvalit: 94.030000 bestmemit:    0.440865    0.084443    0.093895    0.071068    0.874656    0.499413    0.330549    0.179555    0.292726    0.272853    0.444421    0.251942    4.681046    0.025272    0.026499    0.004158    7.830821    9.855424    1.586024    1.572243    1.988966    1.502317    0.885139    1.904150
Iteration: 17 bestvalit: 94.030000 bestmemit:    0.440865    0.084443    0.093895    0.071068    0.874656    0.499413    0.330549    0.179555    0.292726    0.272853    0.444421    0.251942    4.681046    0.025272    0.026499    0.004158    7.830821    9.855424    1.586024    1.572243    1.988966    1.502317    0.885139    1.904150
Iteration: 18 bestvalit: 93.710000 bestmemit:    0.440865    0.084443    0.093895    0.071068    0.874656    0.499413    0.330549    0.179555    0.292726    0.272853    0.444421    0.251942    3.974547    0.025272    0.026499    0.004158    7.830821    9.855424    1.586024    1.572243    1.988966    1.502317    0.885139    1.904150
Iteration: 19 bestvalit: 93.710000 bestmemit:    0.440865    0.084443    0.093895    0.071068    0.874656    0.499413    0.330549    0.179555    0.292726    0.272853    0.444421    0.251942    3.974547    0.025272    0.026499    0.004158    7.830821    9.855424    1.586024    1.572243    1.988966    1.502317    0.885139    1.904150
Iteration: 20 bestvalit: 93.710000 bestmemit:    0.440865    0.084443    0.093895    0.071068    0.874656    0.499413    0.330549    0.179555    0.292726    0.272853    0.444421    0.251942    3.974547    0.025272    0.026499    0.004158    7.830821    9.855424    1.586024    1.572243    1.988966    1.502317    0.885139    1.904150
Iteration: 21 bestvalit: 93.670000 bestmemit:    0.440865    0.084443    0.093895    0.071068    0.874656    0.499413    0.330549    0.179555    0.292726    0.272853    0.444421    0.251942    1.884262    0.025272    0.026499    0.004158    7.830821    9.855424    1.586024    1.572243    1.988966    1.502317    0.885139    1.904150
Iteration: 22 bestvalit: 90.320000 bestmemit:    0.440865    0.084443    0.093895    0.071068    0.874656    0.499413    0.330549    0.179555    0.292726    0.272853    0.444421    0.251942    1.796825    0.021555    0.026499    0.004158    7.830821    9.855424    1.586024    1.572243    1.988966    1.502317    0.885139    1.904150
Iteration: 23 bestvalit: 90.320000 bestmemit:    0.440865    0.084443    0.093895    0.071068    0.874656    0.499413    0.330549    0.179555    0.292726    0.272853    0.444421    0.251942    1.796825    0.021555    0.026499    0.004158    7.830821    9.855424    1.586024    1.572243    1.988966    1.502317    0.885139    1.904150
Iteration: 24 bestvalit: 90.320000 bestmemit:    0.440865    0.084443    0.093895    0.071068    0.874656    0.499413    0.330549    0.179555    0.292726    0.272853    0.444421    0.251942    1.796825    0.021555    0.026499    0.004158    7.830821    9.855424    1.586024    1.572243    1.988966    1.502317    0.885139    1.904150
Iteration: 25 bestvalit: 90.320000 bestmemit:    0.440865    0.084443    0.093895    0.071068    0.874656    0.499413    0.330549    0.179555    0.292726    0.272853    0.444421    0.251942    1.796825    0.021555    0.026499    0.004158    7.830821    9.855424    1.586024    1.572243    1.988966    1.502317    0.885139    1.904150
Iteration: 26 bestvalit: 90.320000 bestmemit:    0.440865    0.084443    0.093895    0.071068    0.874656    0.499413    0.330549    0.179555    0.292726    0.272853    0.444421    0.251942    1.796825    0.021555    0.026499    0.004158    7.830821    9.855424    1.586024    1.572243    1.988966    1.502317    0.885139    1.904150
Iteration: 27 bestvalit: 90.320000 bestmemit:    0.440865    0.084443    0.093895    0.071068    0.874656    0.499413    0.330549    0.179555    0.292726    0.272853    0.444421    0.251942    1.796825    0.021555    0.026499    0.004158    7.830821    9.855424    1.586024    1.572243    1.988966    1.502317    0.885139    1.904150
Iteration: 28 bestvalit: 88.410000 bestmemit:    0.477186    0.018990    0.077031    0.024865    0.724315    0.286454    0.194187    0.187162    0.181339    0.385706    0.463305    0.454156    1.989262    0.000092    0.002272    0.004693    5.682077    7.946810    1.361018    1.986727    1.759582    1.559591    0.810372    1.851456
Iteration: 29 bestvalit: 88.410000 bestmemit:    0.477186    0.018990    0.077031    0.024865    0.724315    0.286454    0.194187    0.187162    0.181339    0.385706    0.463305    0.454156    1.989262    0.000092    0.002272    0.004693    5.682077    7.946810    1.361018    1.986727    1.759582    1.559591    0.810372    1.851456
Iteration: 30 bestvalit: 88.410000 bestmemit:    0.477186    0.018990    0.077031    0.024865    0.724315    0.286454    0.194187    0.187162    0.181339    0.385706    0.463305    0.454156    1.989262    0.000092    0.002272    0.004693    5.682077    7.946810    1.361018    1.986727    1.759582    1.559591    0.810372    1.851456
Iteration: 31 bestvalit: 88.410000 bestmemit:    0.477186    0.018990    0.077031    0.024865    0.724315    0.286454    0.194187    0.187162    0.181339    0.385706    0.463305    0.454156    1.989262    0.000092    0.002272    0.004693    5.682077    7.946810    1.361018    1.986727    1.759582    1.559591    0.810372    1.851456
Iteration: 32 bestvalit: 88.410000 bestmemit:    0.477186    0.018990    0.077031    0.024865    0.724315    0.286454    0.194187    0.187162    0.181339    0.385706    0.463305    0.454156    1.989262    0.000092    0.002272    0.004693    5.682077    7.946810    1.361018    1.986727    1.759582    1.559591    0.810372    1.851456
Iteration: 33 bestvalit: 88.410000 bestmemit:    0.477186    0.018990    0.077031    0.024865    0.724315    0.286454    0.194187    0.187162    0.181339    0.385706    0.463305    0.454156    1.989262    0.000092    0.002272    0.004693    5.682077    7.946810    1.361018    1.986727    1.759582    1.559591    0.810372    1.851456
Iteration: 34 bestvalit: 88.410000 bestmemit:    0.477186    0.018990    0.077031    0.024865    0.724315    0.286454    0.194187    0.187162    0.181339    0.385706    0.463305    0.454156    1.989262    0.000092    0.002272    0.004693    4.026529    7.946810    1.361018    1.986727    1.759582    1.559591    0.810372    1.851456
Iteration: 35 bestvalit: 88.410000 bestmemit:    0.477186    0.018990    0.077031    0.024865    0.724315    0.286454    0.194187    0.187162    0.181339    0.385706    0.463305    0.454156    1.989262    0.000092    0.002272    0.004693    4.026529    7.946810    1.361018    1.986727    1.759582    1.559591    0.810372    1.851456
Iteration: 36 bestvalit: 88.410000 bestmemit:    0.477186    0.018990    0.077031    0.024865    0.724315    0.286454    0.194187    0.187162    0.181339    0.385706    0.463305    0.454156    1.989262    0.000092    0.002272    0.004693    4.026529    7.946810    1.361018    1.986727    1.759582    1.559591    0.810372    1.851456
Iteration: 37 bestvalit: 85.190000 bestmemit:    0.393675    0.063167    0.071456    0.041434    0.747758    0.372253    0.135677    0.325378    0.119578    0.490317    0.459863    0.303566    3.262500    0.012343    0.008757    0.081108    7.802722    8.496252    1.557322    1.758457    1.951212    1.589700    0.816633    1.916856
Iteration: 38 bestvalit: 81.420000 bestmemit:    0.393675    0.063167    0.071456    0.041434    0.629737    0.372253    0.135677    0.325378    0.119578    0.490317    0.459863    0.303566    3.262500    0.012343    0.008757    0.081108    7.802722    8.496252    1.557322    1.758457    1.951212    1.589700    0.816633    1.916856
Iteration: 39 bestvalit: 81.370000 bestmemit:    0.393675    0.063167    0.071456    0.041434    0.629737    0.372253    0.135677    0.325378    0.119578    0.490317    0.459863    0.303566    3.262500    0.012343    0.008757    0.081108    7.802722    8.496252    1.864992    1.758457    1.951212    1.589700    0.816633    1.916856
Iteration: 40 bestvalit: 81.370000 bestmemit:    0.393675    0.063167    0.071456    0.041434    0.629737    0.372253    0.135677    0.325378    0.119578    0.490317    0.459863    0.303566    3.262500    0.012343    0.008757    0.081108    7.802722    8.496252    1.864992    1.758457    1.951212    1.589700    0.816633    1.916856
Iteration: 41 bestvalit: 73.820000 bestmemit:    0.290222    0.056496    0.089022    0.094595    0.754061    0.239302    0.169606    0.189224    0.196378    0.144749    0.325001    0.497636    4.071684    0.018388    0.006333    0.077286    7.368691    8.003311    1.589719    1.995081    1.941568    1.811580    0.804778    1.900274
Iteration: 42 bestvalit: 73.820000 bestmemit:    0.290222    0.056496    0.089022    0.094595    0.754061    0.239302    0.169606    0.189224    0.196378    0.144749    0.325001    0.497636    4.071684    0.018388    0.006333    0.077286    7.368691    8.003311    1.589719    1.995081    1.941568    1.811580    0.804778    1.900274
Iteration: 43 bestvalit: 71.460000 bestmemit:    0.290222    0.056496    0.089022    0.094595    0.754061    0.239302    0.169606    0.189224    0.196378    0.144749    0.325001    0.497636    4.071684    0.018388    0.006333    0.077286    7.368691    8.003311    1.589719    1.995081    1.941568    1.811580    0.804778    1.951461
Iteration: 44 bestvalit: 71.460000 bestmemit:    0.290222    0.056496    0.089022    0.094595    0.754061    0.239302    0.169606    0.189224    0.196378    0.144749    0.325001    0.497636    4.071684    0.018388    0.006333    0.077286    7.368691    8.003311    1.589719    1.995081    1.941568    1.811580    0.804778    1.951461
Iteration: 45 bestvalit: 71.460000 bestmemit:    0.290222    0.056496    0.089022    0.094595    0.754061    0.239302    0.169606    0.189224    0.196378    0.144749    0.325001    0.497636    4.071684    0.018388    0.006333    0.077286    7.368691    8.003311    1.589719    1.995081    1.941568    1.811580    0.804778    1.951461
Iteration: 46 bestvalit: 71.460000 bestmemit:    0.290222    0.056496    0.089022    0.094595    0.754061    0.239302    0.169606    0.189224    0.196378    0.144749    0.325001    0.497636    4.071684    0.018388    0.006333    0.077286    7.368691    8.003311    1.589719    1.995081    1.941568    1.811580    0.804778    1.951461
Iteration: 47 bestvalit: 71.460000 bestmemit:    0.290222    0.056496    0.089022    0.094595    0.754061    0.239302    0.169606    0.189224    0.196378    0.144749    0.325001    0.497636    4.071684    0.018388    0.006333    0.077286    7.368691    8.003311    1.589719    1.995081    1.941568    1.811580    0.804778    1.951461
Iteration: 48 bestvalit: 70.560000 bestmemit:    0.290222    0.056496    0.089022    0.094595    0.754061    0.239302    0.169606    0.316402    0.196378    0.144749    0.325001    0.497636    4.071684    0.018388    0.006333    0.077286    7.368691    8.003311    1.589719    1.995081    1.941568    1.811580    0.804778    1.951461
Iteration: 49 bestvalit: 70.560000 bestmemit:    0.290222    0.056496    0.089022    0.094595    0.754061    0.239302    0.169606    0.316402    0.196378    0.144749    0.325001    0.497636    4.071684    0.018388    0.006333    0.077286    7.368691    8.003311    1.589719    1.995081    1.941568    1.811580    0.804778    1.951461
Iteration: 50 bestvalit: 70.560000 bestmemit:    0.290222    0.056496    0.089022    0.094595    0.754061    0.239302    0.169606    0.316402    0.196378    0.144749    0.325001    0.497636    4.071684    0.018388    0.006333    0.077286    7.368691    8.003311    1.589719    1.995081    1.941568    1.811580    0.804778    1.951461
Iteration: 51 bestvalit: 70.300000 bestmemit:    0.290222    0.056496    0.089022    0.094595    0.754061    0.239302    0.169606    0.316402    0.196378    0.144749    0.325001    0.497636    4.071684    0.018388    0.006333    0.077286    7.034194    8.003311    1.589719    1.995081    1.941568    1.811580    0.804778    1.951461
Iteration: 52 bestvalit: 70.300000 bestmemit:    0.290222    0.056496    0.089022    0.094595    0.754061    0.239302    0.169606    0.316402    0.196378    0.144749    0.325001    0.497636    4.071684    0.018388    0.006333    0.077286    7.034194    8.003311    1.589719    1.995081    1.941568    1.811580    0.804778    1.951461
Iteration: 53 bestvalit: 70.300000 bestmemit:    0.290222    0.056496    0.089022    0.094595    0.754061    0.239302    0.169606    0.316402    0.196378    0.144749    0.325001    0.497636    4.071684    0.018388    0.006333    0.077286    7.034194    8.003311    1.589719    1.995081    1.941568    1.811580    0.804778    1.951461
Iteration: 54 bestvalit: 70.300000 bestmemit:    0.290222    0.056496    0.089022    0.094595    0.754061    0.239302    0.169606    0.316402    0.196378    0.144749    0.325001    0.497636    4.071684    0.018388    0.006333    0.077286    7.034194    8.003311    1.589719    1.995081    1.941568    1.811580    0.804778    1.951461
Iteration: 55 bestvalit: 62.570000 bestmemit:    0.494069    0.050039    0.071456    0.041434    0.629737    0.372253    0.135677    0.325378    0.119578    0.490317    0.459863    0.303566    3.262500    0.012343    0.008757    0.062173    7.802722    8.496252    1.864992    1.758457    1.951212    1.589700    0.816633    1.916856
Iteration: 56 bestvalit: 62.570000 bestmemit:    0.494069    0.050039    0.071456    0.041434    0.629737    0.372253    0.135677    0.325378    0.119578    0.490317    0.459863    0.303566    3.262500    0.012343    0.008757    0.062173    7.802722    8.496252    1.864992    1.758457    1.951212    1.589700    0.816633    1.916856
Iteration: 57 bestvalit: 62.570000 bestmemit:    0.494069    0.050039    0.071456    0.041434    0.629737    0.372253    0.135677    0.325378    0.119578    0.490317    0.459863    0.303566    3.262500    0.012343    0.008757    0.062173    7.802722    8.496252    1.864992    1.758457    1.951212    1.589700    0.816633    1.916856
Iteration: 58 bestvalit: 62.570000 bestmemit:    0.494069    0.050039    0.071456    0.041434    0.629737    0.372253    0.135677    0.325378    0.119578    0.490317    0.459863    0.303566    3.262500    0.012343    0.008757    0.062173    7.802722    8.496252    1.864992    1.758457    1.951212    1.589700    0.816633    1.916856
Iteration: 59 bestvalit: 62.380000 bestmemit:    0.494069    0.070334    0.071456    0.041434    0.629737    0.372253    0.135677    0.325378    0.119578    0.490317    0.459863    0.303566    3.262500    0.012343    0.008757    0.062173    7.802722    8.496252    1.864992    1.758457    1.951212    1.589700    0.816633    1.916856
Iteration: 60 bestvalit: 62.380000 bestmemit:    0.494069    0.070334    0.071456    0.041434    0.629737    0.372253    0.135677    0.325378    0.119578    0.490317    0.459863    0.303566    3.262500    0.012343    0.008757    0.062173    7.802722    8.496252    1.864992    1.758457    1.951212    1.589700    0.816633    1.916856
Iteration: 61 bestvalit: 58.640000 bestmemit:    0.494069    0.070334    0.071456    0.016677    0.681858    0.378812    0.135677    0.325378    0.119578    0.490317    0.459863    0.303566    3.262500    0.012343    0.008757    0.062173    7.802722    8.496252    1.864992    1.758457    1.951212    1.589700    0.816633    1.916856
Iteration: 62 bestvalit: 58.640000 bestmemit:    0.494069    0.070334    0.071456    0.016677    0.681858    0.378812    0.135677    0.325378    0.119578    0.490317    0.459863    0.303566    3.262500    0.012343    0.008757    0.062173    7.802722    8.496252    1.864992    1.758457    1.951212    1.589700    0.816633    1.916856
Iteration: 63 bestvalit: 58.640000 bestmemit:    0.494069    0.070334    0.071456    0.016677    0.681858    0.378812    0.135677    0.325378    0.119578    0.490317    0.459863    0.303566    3.262500    0.012343    0.008757    0.062173    7.802722    8.496252    1.864992    1.758457    1.951212    1.589700    0.816633    1.916856
Iteration: 64 bestvalit: 58.640000 bestmemit:    0.494069    0.070334    0.071456    0.016677    0.681858    0.378812    0.135677    0.325378    0.119578    0.490317    0.459863    0.303566    3.262500    0.012343    0.008757    0.062173    7.802722    8.496252    1.864992    1.758457    1.951212    1.589700    0.816633    1.916856
Iteration: 65 bestvalit: 58.640000 bestmemit:    0.494069    0.070334    0.071456    0.016677    0.681858    0.378812    0.135677    0.325378    0.119578    0.490317    0.459863    0.303566    3.262500    0.012343    0.008757    0.062173    7.802722    8.496252    1.864992    1.758457    1.951212    1.589700    0.816633    1.916856
Iteration: 66 bestvalit: 58.640000 bestmemit:    0.494069    0.070334    0.071456    0.016677    0.681858    0.378812    0.135677    0.325378    0.119578    0.490317    0.459863    0.303566    3.262500    0.012343    0.008757    0.062173    7.802722    8.496252    1.864992    1.758457    1.951212    1.589700    0.816633    1.916856
Iteration: 67 bestvalit: 58.640000 bestmemit:    0.494069    0.070334    0.071456    0.016677    0.681858    0.378812    0.135677    0.325378    0.119578    0.490317    0.459863    0.303566    3.262500    0.012343    0.008757    0.062173    7.802722    8.496252    1.864992    1.758457    1.951212    1.589700    0.816633    1.916856
Iteration: 68 bestvalit: 58.640000 bestmemit:    0.494069    0.070334    0.071456    0.016677    0.681858    0.378812    0.135677    0.325378    0.119578    0.490317    0.459863    0.303566    3.262500    0.012343    0.008757    0.062173    7.802722    8.496252    1.864992    1.758457    1.951212    1.589700    0.816633    1.916856
Iteration: 69 bestvalit: 58.640000 bestmemit:    0.494069    0.070334    0.071456    0.016677    0.681858    0.378812    0.135677    0.325378    0.119578    0.490317    0.459863    0.303566    3.262500    0.012343    0.008757    0.062173    7.802722    8.496252    1.864992    1.758457    1.951212    1.589700    0.816633    1.916856
Iteration: 70 bestvalit: 58.640000 bestmemit:    0.494069    0.070334    0.071456    0.016677    0.681858    0.378812    0.135677    0.325378    0.119578    0.490317    0.459863    0.303566    3.262500    0.012343    0.008757    0.062173    7.802722    8.496252    1.864992    1.758457    1.951212    1.589700    0.816633    1.916856
Iteration: 71 bestvalit: 58.640000 bestmemit:    0.494069    0.070334    0.071456    0.016677    0.681858    0.378812    0.135677    0.325378    0.119578    0.490317    0.459863    0.303566    3.262500    0.012343    0.008757    0.062173    7.802722    8.496252    1.864992    1.758457    1.951212    1.589700    0.816633    1.916856
Iteration: 72 bestvalit: 58.640000 bestmemit:    0.494069    0.070334    0.071456    0.016677    0.681858    0.378812    0.135677    0.325378    0.119578    0.490317    0.459863    0.303566    3.262500    0.012343    0.008757    0.062173    7.802722    8.496252    1.864992    1.758457    1.951212    1.589700    0.816633    1.916856
Iteration: 73 bestvalit: 58.640000 bestmemit:    0.494069    0.070334    0.071456    0.016677    0.681858    0.378812    0.135677    0.325378    0.119578    0.490317    0.459863    0.303566    3.262500    0.012343    0.008757    0.062173    7.802722    8.496252    1.864992    1.758457    1.951212    1.589700    0.816633    1.916856
Iteration: 74 bestvalit: 58.640000 bestmemit:    0.494069    0.070334    0.071456    0.016677    0.681858    0.378812    0.135677    0.325378    0.119578    0.490317    0.459863    0.303566    3.262500    0.012343    0.008757    0.062173    7.802722    8.496252    1.864992    1.758457    1.951212    1.589700    0.816633    1.916856
Iteration: 75 bestvalit: 58.640000 bestmemit:    0.494069    0.070334    0.071456    0.016677    0.681858    0.378812    0.135677    0.325378    0.119578    0.490317    0.459863    0.303566    3.262500    0.012343    0.008757    0.062173    7.802722    8.496252    1.864992    1.758457    1.951212    1.589700    0.816633    1.916856
Iteration: 76 bestvalit: 58.640000 bestmemit:    0.494069    0.070334    0.071456    0.016677    0.681858    0.378812    0.135677    0.325378    0.119578    0.490317    0.459863    0.303566    3.262500    0.012343    0.008757    0.062173    7.802722    8.496252    1.864992    1.758457    1.951212    1.589700    0.816633    1.916856
Iteration: 77 bestvalit: 55.490000 bestmemit:    0.321756    0.035830    0.089570    0.016283    0.863193    0.174494    0.149093    0.071269    0.130177    0.213892    0.460135    0.349532    4.858569    0.026022    0.006141    0.098561    7.800758    7.849573    1.660071    1.991209    1.985896    1.508848    0.936892    2.039721
Iteration: 78 bestvalit: 55.490000 bestmemit:    0.321756    0.035830    0.089570    0.016283    0.863193    0.174494    0.149093    0.071269    0.130177    0.213892    0.460135    0.349532    4.858569    0.026022    0.006141    0.098561    7.800758    7.849573    1.660071    1.991209    1.985896    1.508848    0.936892    2.039721
Iteration: 79 bestvalit: 55.490000 bestmemit:    0.321756    0.035830    0.089570    0.016283    0.863193    0.174494    0.149093    0.071269    0.130177    0.213892    0.460135    0.349532    4.858569    0.026022    0.006141    0.098561    7.800758    7.849573    1.660071    1.991209    1.985896    1.508848    0.936892    2.039721
Iteration: 80 bestvalit: 55.490000 bestmemit:    0.321756    0.035830    0.089570    0.016283    0.863193    0.174494    0.149093    0.071269    0.130177    0.213892    0.460135    0.349532    4.858569    0.026022    0.006141    0.098561    7.800758    7.849573    1.660071    1.991209    1.985896    1.508848    0.936892    2.039721
Iteration: 81 bestvalit: 55.490000 bestmemit:    0.321756    0.035830    0.089570    0.016283    0.863193    0.174494    0.149093    0.071269    0.130177    0.213892    0.460135    0.349532    4.858569    0.026022    0.006141    0.098561    7.800758    7.849573    1.660071    1.991209    1.985896    1.508848    0.936892    2.039721
Iteration: 82 bestvalit: 55.490000 bestmemit:    0.321756    0.035830    0.089570    0.016283    0.863193    0.174494    0.149093    0.071269    0.130177    0.213892    0.460135    0.349532    4.858569    0.026022    0.006141    0.098561    7.800758    7.849573    1.660071    1.991209    1.985896    1.508848    0.936892    2.039721
Iteration: 83 bestvalit: 55.490000 bestmemit:    0.321756    0.035830    0.089570    0.016283    0.863193    0.174494    0.149093    0.071269    0.130177    0.213892    0.460135    0.349532    4.858569    0.026022    0.006141    0.098561    7.800758    7.849573    1.660071    1.991209    1.985896    1.508848    0.936892    2.039721
Iteration: 84 bestvalit: 55.490000 bestmemit:    0.321756    0.035830    0.089570    0.016283    0.863193    0.174494    0.149093    0.071269    0.130177    0.213892    0.460135    0.349532    4.858569    0.026022    0.006141    0.098561    7.800758    7.849573    1.660071    1.991209    1.985896    1.508848    0.936892    2.039721
Iteration: 85 bestvalit: 55.490000 bestmemit:    0.321756    0.035830    0.089570    0.016283    0.863193    0.174494    0.149093    0.071269    0.130177    0.213892    0.460135    0.349532    4.858569    0.026022    0.006141    0.098561    7.800758    7.849573    1.660071    1.991209    1.985896    1.508848    0.936892    2.039721
Iteration: 86 bestvalit: 55.490000 bestmemit:    0.321756    0.035830    0.089570    0.016283    0.863193    0.174494    0.149093    0.071269    0.130177    0.213892    0.460135    0.349532    4.858569    0.026022    0.006141    0.098561    7.800758    7.849573    1.660071    1.991209    1.985896    1.508848    0.936892    2.039721
Iteration: 87 bestvalit: 55.490000 bestmemit:    0.321756    0.035830    0.089570    0.016283    0.863193    0.174494    0.149093    0.071269    0.130177    0.213892    0.460135    0.349532    4.858569    0.026022    0.006141    0.098561    7.800758    7.849573    1.660071    1.991209    1.985896    1.508848    0.936892    2.039721
Iteration: 88 bestvalit: 53.540000 bestmemit:    0.496836    0.049921    0.062614    0.034300    0.811718    0.297391    0.110954    0.338789    0.105609    0.520951    0.474941    0.351917    4.095129    0.039073    0.007128    0.073506    8.422120    9.592514    1.764377    1.970249    1.983742    1.777458    0.805833    2.130081
Iteration: 89 bestvalit: 53.540000 bestmemit:    0.496836    0.049921    0.062614    0.034300    0.811718    0.297391    0.110954    0.338789    0.105609    0.520951    0.474941    0.351917    4.095129    0.039073    0.007128    0.073506    8.422120    9.592514    1.764377    1.970249    1.983742    1.777458    0.805833    2.130081
Iteration: 90 bestvalit: 53.540000 bestmemit:    0.496836    0.049921    0.062614    0.034300    0.811718    0.297391    0.110954    0.338789    0.105609    0.520951    0.474941    0.351917    4.095129    0.039073    0.007128    0.073506    8.422120    9.592514    1.764377    1.970249    1.983742    1.777458    0.805833    2.130081
Iteration: 91 bestvalit: 53.540000 bestmemit:    0.496836    0.049921    0.062614    0.034300    0.811718    0.297391    0.110954    0.338789    0.105609    0.520951    0.474941    0.351917    4.095129    0.039073    0.007128    0.073506    8.422120    9.592514    1.764377    1.970249    1.983742    1.777458    0.805833    2.130081
Iteration: 92 bestvalit: 53.540000 bestmemit:    0.496836    0.049921    0.062614    0.034300    0.811718    0.297391    0.110954    0.338789    0.105609    0.520951    0.474941    0.351917    4.095129    0.039073    0.007128    0.073506    8.422120    9.592514    1.764377    1.970249    1.983742    1.777458    0.805833    2.130081
Iteration: 93 bestvalit: 53.540000 bestmemit:    0.496836    0.049921    0.062614    0.034300    0.811718    0.297391    0.110954    0.338789    0.105609    0.520951    0.474941    0.351917    4.095129    0.039073    0.007128    0.073506    8.422120    9.592514    1.764377    1.970249    1.983742    1.777458    0.805833    2.130081
Iteration: 94 bestvalit: 53.540000 bestmemit:    0.496836    0.049921    0.062614    0.034300    0.811718    0.297391    0.110954    0.338789    0.105609    0.520951    0.474941    0.351917    4.095129    0.039073    0.007128    0.073506    8.422120    9.592514    1.764377    1.970249    1.983742    1.777458    0.805833    2.130081
Iteration: 95 bestvalit: 53.540000 bestmemit:    0.496836    0.049921    0.062614    0.034300    0.811718    0.297391    0.110954    0.338789    0.105609    0.520951    0.474941    0.351917    4.095129    0.039073    0.007128    0.073506    8.422120    9.592514    1.764377    1.970249    1.983742    1.777458    0.805833    2.130081
Iteration: 96 bestvalit: 53.540000 bestmemit:    0.496836    0.049921    0.062614    0.034300    0.811718    0.297391    0.110954    0.338789    0.105609    0.520951    0.474941    0.351917    4.095129    0.039073    0.007128    0.073506    8.422120    9.592514    1.764377    1.970249    1.983742    1.777458    0.805833    2.091463
Iteration: 97 bestvalit: 53.540000 bestmemit:    0.496836    0.049921    0.062614    0.034300    0.811718    0.297391    0.110954    0.338789    0.105609    0.520951    0.474941    0.351917    4.095129    0.039073    0.007128    0.073506    8.422120    9.592514    1.764377    1.970249    1.983742    1.777458    0.805833    2.091463
Iteration: 98 bestvalit: 53.520000 bestmemit:    0.496836    0.049921    0.062614    0.034300    0.811718    0.297391    0.110954    0.406682    0.105609    0.520951    0.474941    0.351917    4.095129    0.039073    0.007128    0.073506    8.422120    9.592514    1.764377    1.970249    1.983742    1.777458    0.805833    2.091463
Iteration: 99 bestvalit: 53.520000 bestmemit:    0.496836    0.049921    0.062614    0.034300    0.811718    0.297391    0.110954    0.406682    0.105609    0.520951    0.474941    0.351917    4.095129    0.039073    0.007128    0.073506    8.422120    9.592514    1.764377    1.970249    1.983742    1.777458    0.805833    2.091463
Iteration: 100 bestvalit: 53.520000 bestmemit:    0.496836    0.049921    0.062614    0.034300    0.811718    0.297391    0.110954    0.406682    0.105609    0.520951    0.474941    0.351917    4.095129    0.039073    0.007128    0.073506    8.422120    9.592514    1.764377    1.970249    1.983742    1.777458    0.805833    2.091463
Iteration: 101 bestvalit: 53.520000 bestmemit:    0.496836    0.049921    0.062614    0.034300    0.811718    0.297391    0.110954    0.406682    0.105609    0.520951    0.474941    0.351917    4.095129    0.039073    0.007128    0.073506    8.422120    9.592514    1.764377    1.970249    1.983742    1.777458    0.805833    2.091463
Iteration: 102 bestvalit: 52.820000 bestmemit:    0.496836    0.049921    0.062614    0.034300    0.811718    0.297391    0.110954    0.406682    0.105609    0.520951    0.474941    0.351917    4.095129    0.039073    0.007128    0.073506    8.422120    9.592514    1.764377    1.970249    1.983742    1.976219    0.829484    2.040180
Iteration: 103 bestvalit: 52.820000 bestmemit:    0.496836    0.049921    0.062614    0.034300    0.811718    0.297391    0.110954    0.406682    0.105609    0.520951    0.474941    0.351917    4.095129    0.039073    0.007128    0.073506    8.422120    9.592514    1.764377    1.970249    1.983742    1.976219    0.829484    2.040180
Iteration: 104 bestvalit: 52.820000 bestmemit:    0.496836    0.049921    0.062614    0.034300    0.811718    0.297391    0.110954    0.406682    0.105609    0.520951    0.474941    0.351917    4.095129    0.039073    0.007128    0.073506    8.422120    9.592514    1.764377    1.970249    1.983742    1.976219    0.829484    2.040180
Iteration: 105 bestvalit: 52.820000 bestmemit:    0.496836    0.049921    0.062614    0.034300    0.811718    0.297391    0.110954    0.406682    0.105609    0.520951    0.474941    0.351917    4.095129    0.039073    0.007128    0.073506    8.422120    9.592514    1.764377    1.970249    1.983742    1.976219    0.829484    2.040180
Iteration: 106 bestvalit: 52.670000 bestmemit:    0.496836    0.049921    0.062614    0.034300    0.811718    0.297391    0.110954    0.406682    0.105609    0.520951    0.474941    0.351917    4.095129    0.038290    0.007128    0.073506    8.422120    9.592514    1.764377    1.970249    1.983742    1.976219    0.829484    2.040180
Iteration: 107 bestvalit: 52.670000 bestmemit:    0.496836    0.049921    0.062614    0.034300    0.811718    0.297391    0.110954    0.406682    0.105609    0.520951    0.474941    0.351917    4.095129    0.038290    0.007128    0.073506    8.422120    9.592514    1.764377    1.970249    1.983742    1.976219    0.829484    2.040180
Iteration: 108 bestvalit: 52.670000 bestmemit:    0.496836    0.049921    0.062614    0.034300    0.811718    0.297391    0.110954    0.406682    0.105609    0.520951    0.474941    0.351917    4.095129    0.038290    0.007128    0.073506    8.422120    9.592514    1.764377    1.970249    1.983742    1.976219    0.829484    2.040180
Iteration: 109 bestvalit: 50.160000 bestmemit:    0.307599    0.074762    0.094433    0.016915    0.986880    0.215926    0.124121    0.200068    0.128913    0.231128    0.433803    0.309068    3.831705    0.024850    0.006029    0.089074    8.135524    8.433166    1.714816    1.956717    1.952647    1.772043    0.804209    2.040995
Iteration: 110 bestvalit: 50.160000 bestmemit:    0.307599    0.074762    0.094433    0.016915    0.986880    0.215926    0.124121    0.200068    0.128913    0.231128    0.433803    0.309068    3.831705    0.024850    0.006029    0.089074    8.135524    8.433166    1.714816    1.956717    1.952647    1.772043    0.804209    2.040995
Iteration: 111 bestvalit: 50.160000 bestmemit:    0.307599    0.074762    0.094433    0.016915    0.986880    0.215926    0.124121    0.200068    0.128913    0.231128    0.433803    0.309068    3.831705    0.024850    0.006029    0.089074    8.135524    8.433166    1.714816    1.956717    1.952647    1.772043    0.804209    2.040995
Iteration: 112 bestvalit: 49.620000 bestmemit:    0.494069    0.070334    0.076334    0.043837    0.768833    0.378812    0.135677    0.325378    0.119578    0.521907    0.496753    0.228402    3.262500    0.012343    0.012122    0.090898    7.802722    8.496252    1.954954    1.881299    1.951212    1.589700    0.816633    1.916856
Iteration: 113 bestvalit: 49.620000 bestmemit:    0.494069    0.070334    0.076334    0.043837    0.768833    0.378812    0.135677    0.325378    0.119578    0.521907    0.496753    0.228402    3.262500    0.012343    0.012122    0.090898    7.802722    8.496252    1.954954    1.881299    1.951212    1.589700    0.816633    1.916856
Iteration: 114 bestvalit: 49.610000 bestmemit:    0.494069    0.070334    0.076334    0.043837    0.768833    0.378812    0.135677    0.366959    0.119578    0.521907    0.496753    0.228402    3.262500    0.012343    0.012122    0.090898    7.802722    8.496252    1.954954    1.881299    1.951212    1.589700    0.816633    1.916856
Iteration: 115 bestvalit: 49.610000 bestmemit:    0.494069    0.070334    0.076334    0.043837    0.768833    0.378812    0.135677    0.366959    0.119578    0.521907    0.496753    0.228402    3.262500    0.012343    0.012122    0.090898    7.802722    8.496252    1.954954    1.881299    1.951212    1.589700    0.816633    1.916856
Iteration: 116 bestvalit: 49.610000 bestmemit:    0.494069    0.070334    0.076334    0.043837    0.768833    0.378812    0.135677    0.366959    0.119578    0.521907    0.496753    0.228402    3.262500    0.012343    0.012122    0.090898    7.802722    8.496252    1.954954    1.881299    1.951212    1.589700    0.816633    1.916856
Iteration: 117 bestvalit: 49.610000 bestmemit:    0.494069    0.070334    0.076334    0.043837    0.768833    0.378812    0.135677    0.366959    0.119578    0.521907    0.496753    0.228402    3.262500    0.012343    0.012122    0.090898    7.802722    8.496252    1.954954    1.881299    1.951212    1.589700    0.816633    1.916856
Iteration: 118 bestvalit: 49.610000 bestmemit:    0.494069    0.070334    0.076334    0.043837    0.768833    0.378812    0.135677    0.366959    0.119578    0.521907    0.496753    0.228402    3.262500    0.012343    0.012122    0.090898    7.802722    8.496252    1.954954    1.881299    1.951212    1.589700    0.816633    1.916856
Iteration: 119 bestvalit: 49.610000 bestmemit:    0.494069    0.070334    0.076334    0.043837    0.768833    0.378812    0.135677    0.366959    0.119578    0.521907    0.496753    0.228402    3.262500    0.012343    0.012122    0.090898    7.802722    8.496252    1.954954    1.881299    1.951212    1.589700    0.816633    1.916856
Iteration: 120 bestvalit: 49.610000 bestmemit:    0.494069    0.070334    0.076334    0.043837    0.768833    0.378812    0.135677    0.366959    0.119578    0.521907    0.496753    0.228402    3.262500    0.012343    0.012122    0.090898    7.802722    8.496252    1.954954    1.881299    1.951212    1.589700    0.816633    1.916856
Iteration: 121 bestvalit: 49.610000 bestmemit:    0.494069    0.070334    0.076334    0.043837    0.768833    0.378812    0.135677    0.366959    0.119578    0.521907    0.496753    0.228402    3.262500    0.012343    0.012122    0.090898    7.802722    8.496252    1.954954    1.881299    1.951212    1.589700    0.816633    1.916856
Iteration: 122 bestvalit: 49.610000 bestmemit:    0.494069    0.070334    0.076334    0.043837    0.768833    0.378812    0.135677    0.366959    0.119578    0.521907    0.496753    0.228402    3.262500    0.012343    0.012122    0.090898    7.802722    8.496252    1.954954    1.881299    1.951212    1.589700    0.816633    1.916856
Iteration: 123 bestvalit: 49.610000 bestmemit:    0.494069    0.070334    0.076334    0.043837    0.768833    0.378812    0.135677    0.366959    0.119578    0.521907    0.496753    0.228402    3.262500    0.012343    0.012122    0.090898    7.802722    8.496252    1.954954    1.881299    1.951212    1.589700    0.816633    1.916856
Iteration: 124 bestvalit: 49.260000 bestmemit:    0.494069    0.070334    0.076334    0.043837    0.768833    0.378812    0.135677    0.366959    0.119578    0.521907    0.496753    0.228402    3.779978    0.012343    0.012122    0.090898    7.802722    8.496252    1.954954    1.881299    1.951212    1.589700    0.816633    1.916856
Iteration: 125 bestvalit: 48.990000 bestmemit:    0.494069    0.070334    0.076334    0.043837    0.768833    0.378812    0.135677    0.366959    0.119578    0.521907    0.496753    0.228402    3.779978    0.012343    0.012122    0.090898    7.802722    9.867895    1.954954    1.881299    1.951212    1.589700    0.816633    1.916856
Iteration: 126 bestvalit: 48.990000 bestmemit:    0.494069    0.070334    0.076334    0.043837    0.768833    0.378812    0.135677    0.366959    0.119578    0.521907    0.496753    0.228402    3.779978    0.012343    0.012122    0.090898    7.802722    9.867895    1.954954    1.881299    1.951212    1.589700    0.816633    1.916856
Iteration: 127 bestvalit: 48.970000 bestmemit:    0.494069    0.070334    0.076334    0.043837    0.768833    0.378812    0.135677    0.366959    0.119578    0.521907    0.496753    0.228402    3.779978    0.012343    0.012122    0.090898    7.802722    9.867895    1.954954    1.881299    1.951212    1.786351    0.816633    1.916856
Iteration: 128 bestvalit: 48.970000 bestmemit:    0.494069    0.070334    0.076334    0.043837    0.768833    0.378812    0.135677    0.366959    0.119578    0.521907    0.496753    0.228402    3.779978    0.012343    0.012122    0.090898    7.802722    9.867895    1.954954    1.881299    1.951212    1.786351    0.816633    1.916856
Iteration: 129 bestvalit: 45.760000 bestmemit:    0.307599    0.074762    0.097742    0.016915    0.986880    0.215926    0.124121    0.200068    0.128913    0.231128    0.436277    0.309068    3.831705    0.024850    0.006029    0.089074    8.917976    9.098163    1.561386    1.956717    1.952647    1.812254    0.804209    1.993824
Iteration: 130 bestvalit: 45.760000 bestmemit:    0.307599    0.074762    0.097742    0.016915    0.986880    0.215926    0.124121    0.200068    0.128913    0.231128    0.436277    0.309068    3.831705    0.024850    0.006029    0.089074    8.917976    9.098163    1.561386    1.956717    1.952647    1.812254    0.804209    1.993824
Iteration: 131 bestvalit: 45.760000 bestmemit:    0.307599    0.074762    0.097742    0.016915    0.986880    0.215926    0.124121    0.200068    0.128913    0.231128    0.436277    0.309068    3.831705    0.024850    0.006029    0.089074    8.917976    9.098163    1.561386    1.956717    1.952647    1.812254    0.804209    1.993824
Iteration: 132 bestvalit: 45.760000 bestmemit:    0.307599    0.074762    0.097742    0.016915    0.986880    0.215926    0.124121    0.200068    0.128913    0.231128    0.436277    0.309068    3.831705    0.024850    0.006029    0.089074    8.917976    9.098163    1.561386    1.956717    1.952647    1.812254    0.804209    1.993824
Iteration: 133 bestvalit: 45.760000 bestmemit:    0.307599    0.074762    0.097742    0.016915    0.986880    0.215926    0.124121    0.200068    0.128913    0.231128    0.436277    0.309068    3.831705    0.024850    0.006029    0.089074    8.917976    9.098163    1.561386    1.956717    1.952647    1.812254    0.804209    1.993824
Iteration: 134 bestvalit: 45.760000 bestmemit:    0.307599    0.074762    0.097742    0.016915    0.986880    0.215926    0.124121    0.200068    0.128913    0.231128    0.436277    0.309068    3.831705    0.024850    0.006029    0.089074    8.917976    9.098163    1.561386    1.956717    1.952647    1.812254    0.804209    1.993824
Iteration: 135 bestvalit: 45.760000 bestmemit:    0.307599    0.074762    0.097742    0.016915    0.986880    0.215926    0.124121    0.200068    0.128913    0.231128    0.436277    0.309068    3.831705    0.024850    0.006029    0.089074    8.917976    9.098163    1.561386    1.956717    1.952647    1.812254    0.804209    1.993824
Iteration: 136 bestvalit: 45.760000 bestmemit:    0.307599    0.074762    0.097742    0.016915    0.986880    0.215926    0.124121    0.200068    0.128913    0.231128    0.436277    0.309068    3.831705    0.024850    0.006029    0.089074    8.917976    9.098163    1.561386    1.956717    1.952647    1.812254    0.804209    1.993824
Iteration: 137 bestvalit: 45.370000 bestmemit:    0.307599    0.074762    0.097742    0.016915    0.986880    0.215926    0.124121    0.200068    0.128913    0.231128    0.436277    0.309068    3.831705    0.024850    0.006029    0.089074    8.652587    7.170894    1.861204    1.956717    1.952647    1.812254    0.804209    1.993824
Iteration: 138 bestvalit: 45.370000 bestmemit:    0.307599    0.074762    0.097742    0.016915    0.986880    0.215926    0.124121    0.200068    0.128913    0.231128    0.436277    0.309068    3.831705    0.024850    0.006029    0.089074    8.652587    7.170894    1.861204    1.956717    1.952647    1.812254    0.804209    1.993824
Iteration: 139 bestvalit: 45.370000 bestmemit:    0.307599    0.074762    0.097742    0.016915    0.986880    0.215926    0.124121    0.200068    0.128913    0.231128    0.436277    0.309068    3.831705    0.024850    0.006029    0.089074    8.652587    7.170894    1.861204    1.956717    1.952647    1.812254    0.804209    1.993824
Iteration: 140 bestvalit: 45.370000 bestmemit:    0.307599    0.074762    0.097742    0.016915    0.986880    0.215926    0.124121    0.200068    0.128913    0.231128    0.436277    0.309068    3.831705    0.024850    0.006029    0.089074    8.652587    7.170894    1.861204    1.956717    1.952647    1.812254    0.804209    1.993824
