Iteration: 1 bestvalit: 136.485000 bestmemit:    0.363281    0.044403    0.092465    0.018733    0.813996    0.459957    0.401868    0.446847    0.215206    0.263378    0.499354    0.012403    4.174798    0.079588    0.018893    0.067631    7.296017    7.890508    1.107931    1.995505    1.825480    1.501268
Iteration: 2 bestvalit: 136.485000 bestmemit:    0.363281    0.044403    0.092465    0.018733    0.813996    0.459957    0.401868    0.446847    0.215206    0.263378    0.499354    0.012403    4.174798    0.079588    0.018893    0.067631    7.296017    7.890508    1.107931    1.995505    1.825480    1.501268
Iteration: 3 bestvalit: 136.485000 bestmemit:    0.363281    0.044403    0.092465    0.018733    0.813996    0.459957    0.401868    0.446847    0.215206    0.263378    0.499354    0.012403    4.174798    0.079588    0.018893    0.067631    7.296017    7.890508    1.107931    1.995505    1.825480    1.501268
Iteration: 4 bestvalit: 136.485000 bestmemit:    0.363281    0.044403    0.092465    0.018733    0.813996    0.459957    0.401868    0.446847    0.215206    0.263378    0.499354    0.012403    4.174798    0.079588    0.018893    0.067631    7.296017    7.890508    1.107931    1.995505    1.825480    1.501268
Iteration: 5 bestvalit: 136.485000 bestmemit:    0.363281    0.044403    0.092465    0.018733    0.813996    0.459957    0.401868    0.446847    0.215206    0.263378    0.499354    0.012403    4.174798    0.079588    0.018893    0.067631    7.296017    7.890508    1.107931    1.995505    1.825480    1.501268
Iteration: 6 bestvalit: 136.485000 bestmemit:    0.363281    0.044403    0.092465    0.018733    0.813996    0.459957    0.401868    0.446847    0.215206    0.263378    0.499354    0.012403    4.174798    0.079588    0.018893    0.067631    7.296017    7.890508    1.107931    1.995505    1.825480    1.501268
Iteration: 7 bestvalit: 128.705000 bestmemit:    0.363281    0.044403    0.092465    0.018733    0.813996    0.459957    0.401868    0.446847    0.215206    0.263378    0.499354    0.012403    4.174798    0.079588    0.018893    0.089294    8.889819    7.890508    1.107931    1.995505    1.825480    1.501268
Iteration: 8 bestvalit: 127.320000 bestmemit:    0.316850    0.019063    0.003893    0.048419    0.696386    0.483455    0.058998    0.113934    0.118553    0.289977    0.434576    0.231670    3.829292    0.020060    0.017197    0.004660    7.301376    8.732379    1.997403    1.725704    1.590203    1.900473
Iteration: 9 bestvalit: 112.465000 bestmemit:    0.354275    0.034723    0.049545    0.072939    0.442145    0.457826    0.201970    0.158445    0.365346    0.154910    0.345744    0.473221    3.019784    0.018251    0.024332    0.005078    8.962928    9.039979    1.447828    1.826800    1.886821    1.619112
Iteration: 10 bestvalit: 108.685000 bestmemit:    0.331713    0.097636    0.096484    0.056098    0.272579    0.478970    0.184717    0.046403    0.390750    0.243729    0.424027    0.457853    2.458627    0.035339    0.001779    0.017394    9.633110    6.943377    1.541027    1.900547    1.608641    1.702131
Iteration: 11 bestvalit: 108.685000 bestmemit:    0.331713    0.097636    0.096484    0.056098    0.272579    0.478970    0.184717    0.046403    0.390750    0.243729    0.424027    0.457853    2.458627    0.035339    0.001779    0.017394    9.633110    6.943377    1.541027    1.900547    1.608641    1.702131
Iteration: 12 bestvalit: 108.685000 bestmemit:    0.331713    0.097636    0.096484    0.056098    0.272579    0.478970    0.184717    0.046403    0.390750    0.243729    0.424027    0.457853    2.458627    0.035339    0.001779    0.017394    9.633110    6.943377    1.541027    1.900547    1.608641    1.702131
Iteration: 13 bestvalit: 103.250000 bestmemit:    0.390199    0.043632    0.088965    0.061504    0.937920    0.377580    0.230767    0.175230    0.156888    0.413775    0.474411    0.488560    4.053098    0.014902    0.015266    0.002034    6.513056    9.232839    1.910279    1.690781    1.601168    1.772221
Iteration: 14 bestvalit: 102.595000 bestmemit:    0.390199    0.043632    0.088965    0.061504    0.937920    0.377580    0.230767    0.171490    0.135105    0.444743    0.474411    0.488560    4.053098    0.014902    0.015266    0.002034    6.513056    9.232839    1.910279    1.690781    1.601168    1.772221
Iteration: 15 bestvalit: 71.120000 bestmemit:    0.390199    0.043632    0.088965    0.061504    0.937920    0.377580    0.230767    0.171490    0.135105    0.444743    0.474411    0.488560    4.053098    0.014902    0.015266    0.002034    6.513056    9.232839    1.910279    1.690781    1.934891    1.772221
Iteration: 16 bestvalit: 60.240000 bestmemit:    0.390199    0.043632    0.088965    0.068322    0.409700    0.371341    0.250581    0.171490    0.135105    0.444743    0.474411    0.488560    4.053098    0.014902    0.015266    0.002034    6.513056    9.232839    1.910279    1.690781    1.934891    1.772221
Iteration: 17 bestvalit: 60.240000 bestmemit:    0.390199    0.043632    0.088965    0.068322    0.409700    0.371341    0.250581    0.171490    0.135105    0.444743    0.474411    0.488560    4.053098    0.014902    0.015266    0.002034    6.513056    9.232839    1.910279    1.690781    1.934891    1.772221
Iteration: 18 bestvalit: 60.240000 bestmemit:    0.390199    0.043632    0.088965    0.068322    0.409700    0.371341    0.250581    0.171490    0.135105    0.444743    0.474411    0.488560    4.053098    0.014902    0.015266    0.002034    6.513056    9.232839    1.910279    1.690781    1.934891    1.772221
Iteration: 19 bestvalit: 60.240000 bestmemit:    0.390199    0.043632    0.088965    0.068322    0.409700    0.371341    0.250581    0.171490    0.135105    0.444743    0.474411    0.488560    4.053098    0.014902    0.015266    0.002034    6.513056    9.232839    1.910279    1.690781    1.934891    1.772221
Iteration: 20 bestvalit: 60.240000 bestmemit:    0.390199    0.043632    0.088965    0.068322    0.409700    0.371341    0.250581    0.171490    0.135105    0.444743    0.474411    0.488560    4.053098    0.014902    0.015266    0.002034    6.513056    9.232839    1.910279    1.690781    1.934891    1.772221
Iteration: 21 bestvalit: 60.240000 bestmemit:    0.390199    0.043632    0.088965    0.068322    0.409700    0.371341    0.250581    0.171490    0.135105    0.444743    0.474411    0.488560    4.053098    0.014902    0.015266    0.002034    6.513056    9.232839    1.910279    1.690781    1.934891    1.772221
Iteration: 22 bestvalit: 60.240000 bestmemit:    0.390199    0.043632    0.088965    0.068322    0.409700    0.371341    0.250581    0.171490    0.135105    0.444743    0.474411    0.488560    4.053098    0.014902    0.015266    0.002034    6.513056    9.232839    1.910279    1.690781    1.934891    1.772221
Iteration: 23 bestvalit: 60.240000 bestmemit:    0.390199    0.043632    0.088965    0.068322    0.409700    0.371341    0.250581    0.171490    0.135105    0.444743    0.474411    0.488560    4.053098    0.014902    0.015266    0.002034    6.513056    9.232839    1.910279    1.690781    1.934891    1.772221
Iteration: 24 bestvalit: 60.240000 bestmemit:    0.390199    0.043632    0.088965    0.068322    0.409700    0.371341    0.250581    0.171490    0.135105    0.444743    0.474411    0.488560    4.053098    0.014902    0.015266    0.002034    6.513056    9.232839    1.910279    1.690781    1.934891    1.772221
Iteration: 25 bestvalit: 60.240000 bestmemit:    0.390199    0.043632    0.088965    0.068322    0.409700    0.371341    0.250581    0.171490    0.135105    0.444743    0.474411    0.488560    4.053098    0.014902    0.015266    0.002034    6.513056    9.232839    1.910279    1.690781    1.934891    1.772221
Iteration: 26 bestvalit: 60.240000 bestmemit:    0.390199    0.043632    0.088965    0.068322    0.409700    0.371341    0.250581    0.171490    0.135105    0.444743    0.474411    0.488560    4.053098    0.014902    0.015266    0.002034    6.513056    9.232839    1.910279    1.690781    1.934891    1.772221
Iteration: 27 bestvalit: 60.080000 bestmemit:    0.402244    0.043632    0.088965    0.068322    0.409700    0.371341    0.250581    0.171490    0.135105    0.444743    0.474411    0.488560    4.053098    0.014902    0.015266    0.002034    6.513056    9.232839    1.910279    1.690781    1.934891    1.793729
Iteration: 28 bestvalit: 60.080000 bestmemit:    0.402244    0.043632    0.088965    0.068322    0.409700    0.371341    0.250581    0.171490    0.135105    0.444743    0.474411    0.488560    4.053098    0.014902    0.015266    0.002034    6.513056    9.232839    1.910279    1.690781    1.934891    1.793729
Iteration: 29 bestvalit: 60.080000 bestmemit:    0.402244    0.043632    0.088965    0.068322    0.409700    0.371341    0.250581    0.171490    0.135105    0.444743    0.474411    0.488560    4.053098    0.014902    0.015266    0.002034    6.513056    9.232839    1.910279    1.690781    1.934891    1.793729
Iteration: 30 bestvalit: 60.080000 bestmemit:    0.402244    0.043632    0.088965    0.068322    0.409700    0.371341    0.250581    0.171490    0.135105    0.444743    0.474411    0.488560    4.053098    0.014902    0.015266    0.002034    6.513056    9.232839    1.910279    1.690781    1.934891    1.793729
Iteration: 31 bestvalit: 60.080000 bestmemit:    0.402244    0.043632    0.088965    0.068322    0.409700    0.371341    0.250581    0.171490    0.135105    0.444743    0.474411    0.488560    4.053098    0.014902    0.015266    0.002034    6.513056    9.232839    1.910279    1.690781    1.934891    1.793729
Iteration: 32 bestvalit: 60.080000 bestmemit:    0.402244    0.043632    0.088965    0.068322    0.409700    0.371341    0.250581    0.171490    0.135105    0.444743    0.474411    0.488560    4.053098    0.014902    0.015266    0.002034    6.513056    9.232839    1.910279    1.690781    1.934891    1.793729
Iteration: 33 bestvalit: 60.080000 bestmemit:    0.402244    0.043632    0.088965    0.068322    0.409700    0.371341    0.250581    0.171490    0.135105    0.444743    0.474411    0.488560    4.053098    0.014902    0.015266    0.002034    6.513056    9.232839    1.910279    1.690781    1.934891    1.793729
Iteration: 34 bestvalit: 60.080000 bestmemit:    0.402244    0.043632    0.088965    0.068322    0.409700    0.371341    0.250581    0.171490    0.135105    0.444743    0.474411    0.488560    4.053098    0.014902    0.015266    0.002034    6.513056    9.232839    1.910279    1.690781    1.934891    1.793729
Iteration: 35 bestvalit: 60.080000 bestmemit:    0.402244    0.043632    0.088965    0.068322    0.409700    0.371341    0.250581    0.171490    0.135105    0.444743    0.474411    0.488560    4.053098    0.014902    0.015266    0.002034    6.513056    9.232839    1.910279    1.690781    1.934891    1.793729
Iteration: 36 bestvalit: 60.080000 bestmemit:    0.402244    0.043632    0.088965    0.068322    0.409700    0.371341    0.250581    0.171490    0.135105    0.444743    0.474411    0.488560    4.053098    0.014902    0.015266    0.002034    6.513056    9.232839    1.910279    1.690781    1.934891    1.793729
Iteration: 37 bestvalit: 59.950000 bestmemit:    0.402244    0.043632    0.088965    0.068322    0.409700    0.371341    0.250581    0.171490    0.121889    0.444743    0.474411    0.488560    4.053098    0.014902    0.015266    0.002034    6.513056    9.232839    1.910279    1.690781    1.934891    1.793729
Iteration: 38 bestvalit: 59.950000 bestmemit:    0.402244    0.043632    0.088965    0.068322    0.409700    0.371341    0.250581    0.171490    0.121889    0.444743    0.474411    0.488560    4.053098    0.014902    0.015266    0.002034    6.513056    9.232839    1.910279    1.690781    1.934891    1.793729
