Iteration: 1 bestvalit: 713.570000 bestmemit:    0.034352    0.073780    0.058746    0.426935    0.445948    0.101520    0.449562    0.074802    0.559160    0.480046    0.572620    4.520490    0.027857    0.009934    0.000780    3.495127    8.096022    0.185397    2.246837    2.441526    1.743674    0.508649    0.919543    1.955902
Iteration: 2 bestvalit: 602.925000 bestmemit:    0.006635    0.088198    0.036644    0.233517    0.201868    0.324213    0.373882    0.042535    0.373368    0.660920    0.829675    1.364887    0.056027    0.003328    0.002630    6.708958    5.469540    0.244859    2.431580    1.873121    1.932311    0.824496    1.078154    2.099808
Iteration: 3 bestvalit: 602.925000 bestmemit:    0.006635    0.088198    0.036644    0.233517    0.201868    0.324213    0.373882    0.042535    0.373368    0.660920    0.829675    1.364887    0.056027    0.003328    0.002630    6.708958    5.469540    0.244859    2.431580    1.873121    1.932311    0.824496    1.078154    2.099808
Iteration: 4 bestvalit: 602.925000 bestmemit:    0.006635    0.088198    0.036644    0.233517    0.201868    0.324213    0.373882    0.042535    0.373368    0.660920    0.829675    1.364887    0.056027    0.003328    0.002630    6.708958    5.469540    0.244859    2.431580    1.873121    1.932311    0.824496    1.078154    2.099808
Iteration: 5 bestvalit: 602.925000 bestmemit:    0.006635    0.088198    0.036644    0.233517    0.201868    0.324213    0.373882    0.042535    0.373368    0.660920    0.829675    1.364887    0.056027    0.003328    0.002630    6.708958    5.469540    0.244859    2.431580    1.873121    1.932311    0.824496    1.078154    2.099808
Iteration: 6 bestvalit: 602.925000 bestmemit:    0.006635    0.088198    0.036644    0.233517    0.201868    0.324213    0.373882    0.042535    0.373368    0.660920    0.829675    1.364887    0.056027    0.003328    0.002630    6.708958    5.469540    0.244859    2.431580    1.873121    1.932311    0.824496    1.078154    2.099808
Iteration: 7 bestvalit: 563.770000 bestmemit:    0.017217    0.067333    0.025382    0.806438    0.486216    0.473941    0.213832    0.317491    0.406916    0.616559    0.512026    0.997319    0.008088    0.005214    0.007381    2.259085    8.410041    1.783793    1.956800    2.141994    1.771842    0.484905    1.062224    2.146359
Iteration: 8 bestvalit: 419.575000 bestmemit:    0.017217    0.067333    0.025382    0.806438    0.486216    0.473941    0.213832    0.317491    0.406916    0.616559    0.512026    0.997319    0.008088    0.005214    0.007381    2.259085    8.410041    1.783793    2.485173    2.290482    1.771842    0.484905    1.062224    2.146359
Iteration: 9 bestvalit: 419.575000 bestmemit:    0.017217    0.067333    0.025382    0.806438    0.486216    0.473941    0.213832    0.317491    0.406916    0.616559    0.512026    0.997319    0.008088    0.005214    0.007381    2.259085    8.410041    1.783793    2.485173    2.290482    1.771842    0.484905    1.062224    2.146359
Iteration: 10 bestvalit: 419.575000 bestmemit:    0.017217    0.067333    0.025382    0.806438    0.486216    0.473941    0.213832    0.317491    0.406916    0.616559    0.512026    0.997319    0.008088    0.005214    0.007381    2.259085    8.410041    1.783793    2.485173    2.290482    1.771842    0.484905    1.062224    2.146359
Iteration: 11 bestvalit: 419.575000 bestmemit:    0.017217    0.067333    0.025382    0.806438    0.486216    0.473941    0.213832    0.317491    0.406916    0.616559    0.512026    0.997319    0.008088    0.005214    0.007381    2.259085    8.410041    1.783793    2.485173    2.290482    1.771842    0.484905    1.062224    2.146359
Iteration: 12 bestvalit: 419.575000 bestmemit:    0.017217    0.067333    0.025382    0.806438    0.486216    0.473941    0.213832    0.317491    0.406916    0.616559    0.512026    0.997319    0.008088    0.005214    0.007381    2.259085    8.410041    1.783793    2.485173    2.290482    1.771842    0.484905    1.062224    2.146359
Iteration: 13 bestvalit: 419.575000 bestmemit:    0.017217    0.067333    0.025382    0.806438    0.486216    0.473941    0.213832    0.317491    0.406916    0.616559    0.512026    0.997319    0.008088    0.005214    0.007381    2.259085    8.410041    1.783793    2.485173    2.290482    1.771842    0.484905    1.062224    2.146359
Iteration: 14 bestvalit: 419.575000 bestmemit:    0.017217    0.067333    0.025382    0.806438    0.486216    0.473941    0.213832    0.317491    0.406916    0.616559    0.512026    0.997319    0.008088    0.005214    0.007381    2.259085    8.410041    1.783793    2.485173    2.290482    1.771842    0.484905    1.062224    2.146359
Iteration: 15 bestvalit: 419.575000 bestmemit:    0.017217    0.067333    0.025382    0.806438    0.486216    0.473941    0.213832    0.317491    0.406916    0.616559    0.512026    0.997319    0.008088    0.005214    0.007381    2.259085    8.410041    1.783793    2.485173    2.290482    1.771842    0.484905    1.062224    2.146359
Iteration: 16 bestvalit: 419.575000 bestmemit:    0.017217    0.067333    0.025382    0.806438    0.486216    0.473941    0.213832    0.317491    0.406916    0.616559    0.512026    0.997319    0.008088    0.005214    0.007381    2.259085    8.410041    1.783793    2.485173    2.290482    1.771842    0.484905    1.062224    2.146359
Iteration: 17 bestvalit: 419.575000 bestmemit:    0.017217    0.067333    0.025382    0.806438    0.486216    0.473941    0.213832    0.317491    0.406916    0.616559    0.512026    0.997319    0.008088    0.005214    0.007381    2.259085    8.410041    1.783793    2.485173    2.290482    1.771842    0.484905    1.062224    2.146359
Iteration: 18 bestvalit: 419.575000 bestmemit:    0.017217    0.067333    0.025382    0.806438    0.486216    0.473941    0.213832    0.317491    0.406916    0.616559    0.512026    0.997319    0.008088    0.005214    0.007381    2.259085    8.410041    1.783793    2.485173    2.290482    1.771842    0.484905    1.062224    2.146359
Iteration: 19 bestvalit: 419.575000 bestmemit:    0.017217    0.067333    0.025382    0.806438    0.486216    0.473941    0.213832    0.317491    0.406916    0.616559    0.512026    0.997319    0.008088    0.005214    0.007381    2.259085    8.410041    1.783793    2.485173    2.290482    1.771842    0.484905    1.062224    2.146359
Iteration: 20 bestvalit: 412.705000 bestmemit:    0.023576    0.068690    0.058528    0.277439    0.387986    0.401092    0.288254    0.119548    0.250385    0.633844    0.751900    0.963025    0.094926    0.001934    0.006947    9.291422    8.052477    1.048644    1.879106    2.214252    1.880465    0.321942    0.978858    1.987785
Iteration: 21 bestvalit: 403.440000 bestmemit:    0.004916    0.074129    0.044498    0.390690    0.205477    0.481975    0.319593    0.163953    0.509263    0.829939    0.956402    3.352640    0.030132    0.002700    0.000651    3.202105    8.534608    0.605666    2.478674    2.400747    1.789881    0.090395    1.135549    2.061644
Iteration: 22 bestvalit: 403.440000 bestmemit:    0.004916    0.074129    0.044498    0.390690    0.205477    0.481975    0.319593    0.163953    0.509263    0.829939    0.956402    3.352640    0.030132    0.002700    0.000651    3.202105    8.534608    0.605666    2.478674    2.400747    1.789881    0.090395    1.135549    2.061644
Iteration: 23 bestvalit: 362.370000 bestmemit:    0.017217    0.067333    0.025382    0.806438    0.486216    0.473941    0.213832    0.317491    0.406916    0.616559    0.624491    3.760389    0.008088    0.005214    0.007381    2.259085    8.410041    1.783793    2.485173    2.290482    1.771842    0.484905    1.062224    2.146359
Iteration: 24 bestvalit: 362.370000 bestmemit:    0.017217    0.067333    0.025382    0.806438    0.486216    0.473941    0.213832    0.317491    0.406916    0.616559    0.624491    3.760389    0.008088    0.005214    0.007381    2.259085    8.410041    1.783793    2.485173    2.290482    1.771842    0.484905    1.062224    2.146359
Iteration: 25 bestvalit: 359.740000 bestmemit:    0.017217    0.067333    0.025382    0.806438    0.486216    0.473941    0.213832    0.317491    0.406916    0.616559    0.624491    3.760389    0.008088    0.005214    0.007381    2.259085    8.410041    1.783793    2.485173    2.290482    1.919358    0.484905    1.062224    2.146359
Iteration: 26 bestvalit: 359.740000 bestmemit:    0.017217    0.067333    0.025382    0.806438    0.486216    0.473941    0.213832    0.317491    0.406916    0.616559    0.624491    3.760389    0.008088    0.005214    0.007381    2.259085    8.410041    1.783793    2.485173    2.290482    1.919358    0.484905    1.062224    2.146359
Iteration: 27 bestvalit: 359.740000 bestmemit:    0.017217    0.067333    0.025382    0.806438    0.486216    0.473941    0.213832    0.317491    0.406916    0.616559    0.624491    3.760389    0.008088    0.005214    0.007381    2.259085    8.410041    1.783793    2.485173    2.290482    1.919358    0.484905    1.062224    2.146359
Iteration: 28 bestvalit: 318.815000 bestmemit:    0.019774    0.062715    0.046540    0.836497    0.382182    0.322758    0.156881    0.038821    0.419191    0.610848    0.416938    0.772409    0.014661    0.009148    0.006736    3.190315    5.624020    0.749755    2.123334    2.432120    1.708922    0.931349    1.106022    1.928134
Iteration: 29 bestvalit: 318.815000 bestmemit:    0.019774    0.062715    0.046540    0.836497    0.382182    0.322758    0.156881    0.038821    0.419191    0.610848    0.416938    0.772409    0.014661    0.009148    0.006736    3.190315    5.624020    0.749755    2.123334    2.432120    1.708922    0.931349    1.106022    1.928134
Iteration: 30 bestvalit: 318.815000 bestmemit:    0.019774    0.062715    0.046540    0.836497    0.382182    0.322758    0.156881    0.038821    0.419191    0.610848    0.416938    0.772409    0.014661    0.009148    0.006736    3.190315    5.624020    0.749755    2.123334    2.432120    1.708922    0.931349    1.106022    1.928134
Iteration: 31 bestvalit: 318.815000 bestmemit:    0.019774    0.062715    0.046540    0.836497    0.382182    0.322758    0.156881    0.038821    0.419191    0.610848    0.416938    0.772409    0.014661    0.009148    0.006736    3.190315    5.624020    0.749755    2.123334    2.432120    1.708922    0.931349    1.106022    1.928134
Iteration: 32 bestvalit: 318.815000 bestmemit:    0.019774    0.062715    0.046540    0.836497    0.382182    0.322758    0.156881    0.038821    0.419191    0.610848    0.416938    0.772409    0.014661    0.009148    0.006736    3.190315    5.624020    0.749755    2.123334    2.432120    1.708922    0.931349    1.106022    1.928134
Iteration: 33 bestvalit: 318.815000 bestmemit:    0.019774    0.062715    0.046540    0.836497    0.382182    0.322758    0.156881    0.038821    0.419191    0.610848    0.416938    0.772409    0.014661    0.009148    0.006736    3.190315    5.624020    0.749755    2.123334    2.432120    1.708922    0.931349    1.106022    1.928134
Iteration: 34 bestvalit: 318.815000 bestmemit:    0.019774    0.062715    0.046540    0.836497    0.382182    0.322758    0.156881    0.038821    0.419191    0.610848    0.416938    0.772409    0.014661    0.009148    0.006736    3.190315    5.624020    0.749755    2.123334    2.432120    1.708922    0.931349    1.106022    1.928134
Iteration: 35 bestvalit: 318.815000 bestmemit:    0.019774    0.062715    0.046540    0.836497    0.382182    0.322758    0.156881    0.038821    0.419191    0.610848    0.416938    0.772409    0.014661    0.009148    0.006736    3.190315    5.624020    0.749755    2.123334    2.432120    1.708922    0.931349    1.106022    1.928134
Iteration: 36 bestvalit: 318.605000 bestmemit:    0.019774    0.062715    0.046540    0.836497    0.382182    0.322758    0.156881    0.038821    0.419191    0.610848    0.416938    0.772409    0.014661    0.006182    0.006736    3.190315    5.624020    0.749755    2.123334    2.432120    1.708922    0.931349    1.106022    1.928134
Iteration: 37 bestvalit: 318.605000 bestmemit:    0.019774    0.062715    0.046540    0.836497    0.382182    0.322758    0.156881    0.038821    0.419191    0.610848    0.416938    0.772409    0.014661    0.006182    0.006736    3.190315    5.624020    0.749755    2.123334    2.432120    1.708922    0.931349    1.106022    1.928134
Iteration: 38 bestvalit: 318.605000 bestmemit:    0.019774    0.062715    0.046540    0.836497    0.382182    0.322758    0.156881    0.038821    0.419191    0.610848    0.416938    0.772409    0.014661    0.006182    0.006736    3.190315    5.624020    0.749755    2.123334    2.432120    1.708922    0.931349    1.106022    1.928134
Iteration: 39 bestvalit: 318.605000 bestmemit:    0.019774    0.062715    0.046540    0.836497    0.382182    0.322758    0.156881    0.038821    0.419191    0.610848    0.416938    0.772409    0.014661    0.006182    0.006736    3.190315    5.624020    0.749755    2.123334    2.432120    1.708922    0.931349    1.106022    1.928134
Iteration: 40 bestvalit: 312.035000 bestmemit:    0.019774    0.062715    0.046540    0.836497    0.382182    0.322758    0.156881    0.038821    0.419191    0.610848    0.416938    0.772409    0.012569    0.006182    0.006736    3.190315    5.624020    0.749755    2.123334    2.432120    1.708922    0.931349    1.106022    1.928134
Iteration: 41 bestvalit: 312.035000 bestmemit:    0.019774    0.062715    0.046540    0.836497    0.382182    0.322758    0.156881    0.038821    0.419191    0.610848    0.416938    0.772409    0.012569    0.006182    0.006736    3.190315    5.624020    0.749755    2.123334    2.432120    1.708922    0.931349    1.106022    1.928134
Iteration: 42 bestvalit: 312.035000 bestmemit:    0.019774    0.062715    0.046540    0.836497    0.382182    0.322758    0.156881    0.038821    0.419191    0.610848    0.416938    0.772409    0.012569    0.006182    0.006736    3.190315    5.624020    0.749755    2.123334    2.432120    1.708922    0.931349    1.106022    1.928134
Iteration: 43 bestvalit: 312.035000 bestmemit:    0.019774    0.062715    0.046540    0.836497    0.382182    0.322758    0.156881    0.038821    0.419191    0.610848    0.416938    0.772409    0.012569    0.006182    0.006736    3.190315    5.624020    0.749755    2.123334    2.432120    1.708922    0.931349    1.106022    1.928134
Iteration: 44 bestvalit: 312.035000 bestmemit:    0.019774    0.062715    0.046540    0.836497    0.382182    0.322758    0.156881    0.038821    0.419191    0.610848    0.416938    0.772409    0.012569    0.006182    0.006736    3.190315    5.624020    0.749755    2.123334    2.432120    1.708922    0.931349    1.106022    1.928134
Iteration: 45 bestvalit: 312.035000 bestmemit:    0.019774    0.062715    0.046540    0.836497    0.382182    0.322758    0.156881    0.038821    0.419191    0.610848    0.416938    0.772409    0.012569    0.006182    0.006736    3.190315    5.624020    0.749755    2.123334    2.432120    1.708922    0.931349    1.106022    1.928134
Iteration: 46 bestvalit: 285.205000 bestmemit:    0.065923    0.056998    0.083464    0.216105    0.498274    0.233002    0.128751    0.068725    0.214712    0.969386    0.613875    2.961916    0.064512    0.006085    0.008352    7.586418    5.545993    0.091970    1.971482    2.408166    1.640313    0.199205    1.101403    2.029024
Iteration: 47 bestvalit: 285.205000 bestmemit:    0.065923    0.056998    0.083464    0.216105    0.498274    0.233002    0.128751    0.068725    0.214712    0.969386    0.613875    2.961916    0.064512    0.006085    0.008352    7.586418    5.545993    0.091970    1.971482    2.408166    1.640313    0.199205    1.101403    2.029024
Iteration: 48 bestvalit: 285.205000 bestmemit:    0.065923    0.056998    0.083464    0.216105    0.498274    0.233002    0.128751    0.068725    0.214712    0.969386    0.613875    2.961916    0.064512    0.006085    0.008352    7.586418    5.545993    0.091970    1.971482    2.408166    1.640313    0.199205    1.101403    2.029024
Iteration: 49 bestvalit: 284.130000 bestmemit:    0.065923    0.056998    0.083464    0.216105    0.498274    0.233002    0.128751    0.068725    0.214712    0.969386    0.613875    2.961916    0.064512    0.006085    0.008352    7.586418    5.545993    0.091970    1.971482    2.408166    1.640313    0.199205    1.101403    1.967895
Iteration: 50 bestvalit: 284.130000 bestmemit:    0.065923    0.056998    0.083464    0.216105    0.498274    0.233002    0.128751    0.068725    0.214712    0.969386    0.613875    2.961916    0.064512    0.006085    0.008352    7.586418    5.545993    0.091970    1.971482    2.408166    1.640313    0.199205    1.101403    1.967895
Iteration: 51 bestvalit: 280.935000 bestmemit:    0.064720    0.056998    0.083464    0.216105    0.498274    0.233002    0.128751    0.068725    0.214712    0.969386    0.613875    2.961916    0.064512    0.006085    0.008352    7.586418    5.545993    0.091970    1.971482    2.408166    1.640313    0.199205    1.101403    1.967895
Iteration: 52 bestvalit: 280.935000 bestmemit:    0.064720    0.056998    0.083464    0.216105    0.498274    0.233002    0.128751    0.068725    0.214712    0.969386    0.613875    2.961916    0.064512    0.006085    0.008352    7.586418    5.545993    0.091970    1.971482    2.408166    1.640313    0.199205    1.101403    1.967895
Iteration: 53 bestvalit: 280.935000 bestmemit:    0.064720    0.056998    0.083464    0.216105    0.498274    0.233002    0.128751    0.068725    0.214712    0.969386    0.613875    2.961916    0.064512    0.006085    0.008352    7.586418    5.545993    0.091970    1.971482    2.408166    1.640313    0.199205    1.101403    1.967895
Iteration: 54 bestvalit: 280.935000 bestmemit:    0.064720    0.056998    0.083464    0.216105    0.498274    0.233002    0.128751    0.068725    0.214712    0.969386    0.613875    2.961916    0.064512    0.006085    0.008352    7.586418    5.545993    0.091970    1.971482    2.408166    1.640313    0.199205    1.101403    1.967895
Iteration: 55 bestvalit: 280.935000 bestmemit:    0.064720    0.056998    0.083464    0.216105    0.498274    0.233002    0.128751    0.068725    0.214712    0.969386    0.613875    2.961916    0.064512    0.006085    0.008352    7.586418    5.545993    0.091970    1.971482    2.408166    1.640313    0.199205    1.101403    1.967895
Iteration: 56 bestvalit: 280.935000 bestmemit:    0.064720    0.056998    0.083464    0.216105    0.498274    0.233002    0.128751    0.068725    0.214712    0.969386    0.613875    2.961916    0.064512    0.006085    0.008352    7.586418    5.545993    0.091970    1.971482    2.408166    1.640313    0.199205    1.101403    1.967895
Iteration: 57 bestvalit: 280.935000 bestmemit:    0.064720    0.056998    0.083464    0.216105    0.498274    0.233002    0.128751    0.068725    0.214712    0.969386    0.613875    2.961916    0.064512    0.006085    0.008352    7.586418    5.545993    0.091970    1.971482    2.408166    1.640313    0.199205    1.101403    1.967895
Iteration: 58 bestvalit: 280.935000 bestmemit:    0.064720    0.056998    0.083464    0.216105    0.498274    0.233002    0.128751    0.068725    0.214712    0.969386    0.613875    2.961916    0.064512    0.006085    0.008352    7.586418    5.545993    0.091970    1.971482    2.408166    1.640313    0.199205    1.101403    1.967895
Iteration: 59 bestvalit: 280.935000 bestmemit:    0.064720    0.056998    0.083464    0.216105    0.498274    0.233002    0.128751    0.068725    0.214712    0.969386    0.613875    2.961916    0.064512    0.006085    0.008352    7.586418    5.545993    0.091970    1.971482    2.408166    1.640313    0.199205    1.101403    1.967895
Iteration: 60 bestvalit: 245.260000 bestmemit:    0.013489    0.051600    0.064917    0.662575    0.380654    0.464333    0.351355    0.343799    0.237784    0.484434    0.986874    2.310105    0.039132    0.007590    0.006680    5.023368    7.298945    0.260231    2.210696    2.271072    1.775148    0.544945    1.092630    2.037984
Iteration: 61 bestvalit: 245.260000 bestmemit:    0.013489    0.051600    0.064917    0.662575    0.380654    0.464333    0.351355    0.343799    0.237784    0.484434    0.986874    2.310105    0.039132    0.007590    0.006680    5.023368    7.298945    0.260231    2.210696    2.271072    1.775148    0.544945    1.092630    2.037984
Iteration: 62 bestvalit: 245.260000 bestmemit:    0.013489    0.051600    0.064917    0.662575    0.380654    0.464333    0.351355    0.343799    0.237784    0.484434    0.986874    2.310105    0.039132    0.007590    0.006680    5.023368    7.298945    0.260231    2.210696    2.271072    1.775148    0.544945    1.092630    2.037984
Iteration: 63 bestvalit: 245.260000 bestmemit:    0.013489    0.051600    0.064917    0.662575    0.380654    0.464333    0.351355    0.343799    0.237784    0.484434    0.986874    2.310105    0.039132    0.007590    0.006680    5.023368    7.298945    0.260231    2.210696    2.271072    1.775148    0.544945    1.092630    2.037984
Iteration: 64 bestvalit: 244.245000 bestmemit:    0.013489    0.051600    0.064917    0.662575    0.380654    0.464333    0.351355    0.343799    0.237784    0.484434    0.986874    2.173868    0.041797    0.007772    0.006680    5.023368    7.298945    0.260231    2.210696    2.271072    1.775148    0.544945    1.092630    2.037984
Iteration: 65 bestvalit: 244.245000 bestmemit:    0.013489    0.051600    0.064917    0.662575    0.380654    0.464333    0.351355    0.343799    0.237784    0.484434    0.986874    2.173868    0.041797    0.007772    0.006680    5.023368    7.298945    0.260231    2.210696    2.271072    1.775148    0.544945    1.092630    2.037984
Iteration: 66 bestvalit: 244.245000 bestmemit:    0.013489    0.051600    0.064917    0.662575    0.380654    0.464333    0.351355    0.343799    0.237784    0.484434    0.986874    2.173868    0.041797    0.007772    0.006680    5.023368    7.298945    0.260231    2.210696    2.271072    1.775148    0.544945    1.092630    2.037984
Iteration: 67 bestvalit: 244.245000 bestmemit:    0.013489    0.051600    0.064917    0.662575    0.380654    0.464333    0.351355    0.343799    0.237784    0.484434    0.986874    2.173868    0.041797    0.007772    0.006680    5.023368    7.298945    0.260231    2.210696    2.271072    1.775148    0.544945    1.092630    2.037984
Iteration: 68 bestvalit: 244.245000 bestmemit:    0.013489    0.051600    0.064917    0.662575    0.380654    0.464333    0.351355    0.343799    0.237784    0.484434    0.986874    2.173868    0.041797    0.007772    0.006680    5.023368    7.298945    0.260231    2.210696    2.271072    1.775148    0.544945    1.092630    2.037984
Iteration: 69 bestvalit: 244.245000 bestmemit:    0.013489    0.051600    0.064917    0.662575    0.380654    0.464333    0.351355    0.343799    0.237784    0.484434    0.986874    2.173868    0.041797    0.007772    0.006680    5.023368    7.298945    0.260231    2.210696    2.271072    1.775148    0.544945    1.092630    2.037984
Iteration: 70 bestvalit: 244.245000 bestmemit:    0.013489    0.051600    0.064917    0.662575    0.380654    0.464333    0.351355    0.343799    0.237784    0.484434    0.986874    2.173868    0.041797    0.007772    0.006680    5.023368    7.298945    0.260231    2.210696    2.271072    1.775148    0.544945    1.092630    2.037984
Iteration: 71 bestvalit: 244.245000 bestmemit:    0.013489    0.051600    0.064917    0.662575    0.380654    0.464333    0.351355    0.343799    0.237784    0.484434    0.986874    2.173868    0.041797    0.007772    0.006680    5.023368    7.298945    0.260231    2.210696    2.271072    1.775148    0.544945    1.092630    2.037984
Iteration: 72 bestvalit: 244.245000 bestmemit:    0.013489    0.051600    0.064917    0.662575    0.380654    0.464333    0.351355    0.343799    0.237784    0.484434    0.986874    2.173868    0.041797    0.007772    0.006680    5.023368    7.298945    0.260231    2.210696    2.271072    1.775148    0.544945    1.092630    2.037984
Iteration: 73 bestvalit: 244.245000 bestmemit:    0.013489    0.051600    0.064917    0.662575    0.380654    0.464333    0.351355    0.343799    0.237784    0.484434    0.986874    2.173868    0.041797    0.007772    0.006680    5.023368    7.298945    0.260231    2.210696    2.271072    1.775148    0.544945    1.092630    2.037984
Iteration: 74 bestvalit: 244.245000 bestmemit:    0.013489    0.051600    0.064917    0.662575    0.380654    0.464333    0.351355    0.343799    0.237784    0.484434    0.986874    2.173868    0.041797    0.007772    0.006680    5.023368    7.298945    0.260231    2.210696    2.271072    1.775148    0.544945    1.092630    2.037984
Iteration: 75 bestvalit: 242.850000 bestmemit:    0.013489    0.051600    0.064917    0.662575    0.380654    0.464333    0.351355    0.343799    0.237784    0.484434    0.986874    2.173868    0.041797    0.007772    0.006680    5.023368    7.298945    0.260231    2.210696    2.476082    1.775148    0.544945    1.092630    2.037984
Iteration: 76 bestvalit: 242.850000 bestmemit:    0.013489    0.051600    0.064917    0.662575    0.380654    0.464333    0.351355    0.343799    0.237784    0.484434    0.986874    2.173868    0.041797    0.007772    0.006680    5.023368    7.298945    0.260231    2.210696    2.476082    1.775148    0.544945    1.092630    2.037984
Iteration: 77 bestvalit: 242.850000 bestmemit:    0.013489    0.051600    0.064917    0.662575    0.380654    0.464333    0.351355    0.343799    0.237784    0.484434    0.986874    2.173868    0.041797    0.007772    0.006680    5.023368    7.298945    0.260231    2.210696    2.476082    1.775148    0.544945    1.092630    2.037984
Iteration: 78 bestvalit: 242.850000 bestmemit:    0.013489    0.051600    0.064917    0.662575    0.380654    0.464333    0.351355    0.343799    0.237784    0.484434    0.986874    2.173868    0.041797    0.007772    0.006680    5.023368    7.298945    0.260231    2.210696    2.476082    1.775148    0.544945    1.092630    2.037984
Iteration: 79 bestvalit: 242.850000 bestmemit:    0.013489    0.051600    0.064917    0.662575    0.380654    0.464333    0.351355    0.343799    0.237784    0.484434    0.986874    2.173868    0.041797    0.007772    0.006680    5.023368    7.298945    0.260231    2.210696    2.476082    1.775148    0.544945    1.092630    2.037984
Iteration: 80 bestvalit: 241.680000 bestmemit:    0.013489    0.051600    0.064917    0.662575    0.380654    0.464333    0.351355    0.343799    0.237784    0.780003    0.986874    2.173868    0.041797    0.007772    0.006680    5.023368    7.298945    0.260231    2.210696    2.476082    1.775148    0.544945    1.092630    2.037984
Iteration: 81 bestvalit: 241.680000 bestmemit:    0.013489    0.051600    0.064917    0.662575    0.380654    0.464333    0.351355    0.343799    0.237784    0.780003    0.986874    2.173868    0.041797    0.007772    0.006680    5.023368    7.298945    0.260231    2.210696    2.476082    1.775148    0.544945    1.092630    2.037984
Iteration: 82 bestvalit: 241.680000 bestmemit:    0.013489    0.051600    0.064917    0.662575    0.380654    0.464333    0.351355    0.343799    0.237784    0.780003    0.986874    2.173868    0.041797    0.007772    0.006680    5.023368    7.298945    0.260231    2.210696    2.476082    1.775148    0.544945    1.092630    2.037984
Iteration: 83 bestvalit: 241.680000 bestmemit:    0.013489    0.051600    0.064917    0.662575    0.380654    0.464333    0.351355    0.343799    0.237784    0.780003    0.986874    2.173868    0.041797    0.007772    0.006680    5.023368    7.298945    0.260231    2.210696    2.476082    1.775148    0.544945    1.092630    2.037984
Iteration: 84 bestvalit: 241.680000 bestmemit:    0.013489    0.051600    0.064917    0.662575    0.380654    0.464333    0.351355    0.343799    0.237784    0.780003    0.986874    2.173868    0.041797    0.007772    0.006680    5.023368    7.298945    0.260231    2.210696    2.476082    1.775148    0.544945    1.092630    2.037984
Iteration: 85 bestvalit: 241.680000 bestmemit:    0.013489    0.051600    0.064917    0.662575    0.380654    0.464333    0.351355    0.343799    0.237784    0.780003    0.986874    2.173868    0.041797    0.007772    0.006680    5.023368    7.298945    0.260231    2.210696    2.476082    1.775148    0.544945    1.092630    2.037984
Iteration: 86 bestvalit: 241.680000 bestmemit:    0.013489    0.051600    0.064917    0.662575    0.380654    0.464333    0.351355    0.343799    0.237784    0.780003    0.986874    2.173868    0.041797    0.007772    0.006680    5.023368    7.298945    0.260231    2.210696    2.476082    1.775148    0.544945    1.092630    2.037984
Iteration: 87 bestvalit: 241.680000 bestmemit:    0.013489    0.051600    0.064917    0.662575    0.380654    0.464333    0.351355    0.343799    0.237784    0.780003    0.986874    2.173868    0.041797    0.007772    0.006680    5.023368    7.298945    0.260231    2.210696    2.476082    1.775148    0.544945    1.092630    2.037984
Iteration: 88 bestvalit: 241.680000 bestmemit:    0.013489    0.051600    0.064917    0.662575    0.380654    0.464333    0.351355    0.343799    0.237784    0.780003    0.986874    2.173868    0.041797    0.007772    0.006680    5.023368    7.298945    0.260231    2.210696    2.476082    1.775148    0.544945    1.092630    2.037984
Iteration: 89 bestvalit: 241.680000 bestmemit:    0.013489    0.051600    0.064917    0.662575    0.380654    0.464333    0.351355    0.343799    0.237784    0.780003    0.986874    2.173868    0.041797    0.007772    0.006680    5.023368    7.298945    0.260231    2.210696    2.476082    1.775148    0.544945    1.092630    2.037984
Iteration: 90 bestvalit: 241.680000 bestmemit:    0.013489    0.051600    0.064917    0.662575    0.380654    0.464333    0.351355    0.343799    0.237784    0.780003    0.986874    2.173868    0.041797    0.007772    0.006680    5.023368    7.298945    0.260231    2.210696    2.476082    1.775148    0.544945    1.092630    2.037984
Iteration: 91 bestvalit: 241.680000 bestmemit:    0.013489    0.051600    0.064917    0.662575    0.380654    0.464333    0.351355    0.343799    0.237784    0.780003    0.986874    2.173868    0.041797    0.007772    0.006680    5.023368    7.298945    0.260231    2.210696    2.476082    1.775148    0.544945    1.092630    2.037984
Iteration: 92 bestvalit: 241.680000 bestmemit:    0.013489    0.051600    0.064917    0.662575    0.380654    0.464333    0.351355    0.343799    0.237784    0.780003    0.986874    2.173868    0.041797    0.007772    0.006680    5.023368    7.298945    0.260231    2.210696    2.476082    1.775148    0.544945    1.092630    2.037984
