Iteration: 1 bestvalit: 11.750000 bestmemit:    0.253546    0.020113    0.028097    0.054537    0.174039    0.287753    0.076467    0.357395    0.207361    0.692564    0.426703    0.014893    0.111764    0.035195    0.029729    0.008638    5.363030    1.805485    0.883281    1.713073    1.568891    1.530572    0.819974    0.911944    1.926826
Iteration: 2 bestvalit: 11.750000 bestmemit:    0.253546    0.020113    0.028097    0.054537    0.174039    0.287753    0.076467    0.357395    0.207361    0.692564    0.426703    0.014893    0.111764    0.035195    0.029729    0.008638    5.363030    1.805485    0.311531    1.713073    1.568891    1.530572    0.819974    0.911944    1.926826
Iteration: 3 bestvalit: 11.750000 bestmemit:    0.253546    0.020113    0.028097    0.054537    0.174039    0.287753    0.076467    0.357395    0.207361    0.692564    0.426703    0.014893    0.111764    0.035195    0.029729    0.008638    5.363030    1.805485    0.311531    1.713073    1.568891    1.530572    0.819974    0.911944    1.926826
Iteration: 4 bestvalit: 11.750000 bestmemit:    0.253546    0.020113    0.028097    0.054537    0.174039    0.287753    0.076467    0.357395    0.207361    0.692564    0.426703    0.014893    0.111764    0.035195    0.029729    0.008638    5.363030    1.805485    0.311531    1.713073    1.568891    1.530572    0.819974    0.911944    1.926826
Iteration: 5 bestvalit: 11.750000 bestmemit:    0.253546    0.020113    0.028097    0.054537    0.174039    0.287753    0.076467    0.109206    0.207361    0.692564    0.426703    0.014893    0.111764    0.035195    0.029729    0.008638    5.363030    1.805485    0.311531    1.713073    1.568891    1.530572    0.819974    0.911944    1.926826
Iteration: 6 bestvalit: 11.750000 bestmemit:    0.253546    0.020113    0.028097    0.054537    0.174039    0.287753    0.076467    0.109206    0.207361    0.692564    0.426703    0.014893    0.111764    0.035195    0.029729    0.008638    5.363030    1.805485    0.311531    1.713073    1.568891    1.530572    0.819974    0.911944    1.926826
Iteration: 7 bestvalit: 11.750000 bestmemit:    0.253546    0.020113    0.028097    0.054537    0.174039    0.287753    0.076467    0.109206    0.207361    0.692564    0.426703    0.014893    0.111764    0.035195    0.029729    0.008638    5.363030    1.805485    0.311531    1.713073    1.568891    1.530572    0.819974    0.911944    1.926826
Iteration: 8 bestvalit: 11.750000 bestmemit:    0.253546    0.020113    0.028097    0.054537    0.174039    0.287753    0.076467    0.109206    0.207361    0.692564    0.426703    0.014893    0.111764    0.035195    0.029729    0.008638    5.363030    1.805485    0.311531    1.713073    1.568891    1.530572    0.819974    0.911944    1.926826
Iteration: 9 bestvalit: 11.750000 bestmemit:    0.253546    0.020113    0.028097    0.054537    0.174039    0.287753    0.076467    0.109206    0.207361    0.692564    0.426703    0.014893    0.111764    0.035195    0.029729    0.008638    5.363030    1.805485    0.311531    1.713073    1.568891    1.530572    0.819974    0.911944    1.926826
Iteration: 10 bestvalit: 11.750000 bestmemit:    0.253546    0.020113    0.028097    0.054537    0.174039    0.287753    0.076467    0.109206    0.207361    0.692564    0.426703    0.014893    0.111764    0.035195    0.029729    0.008638    5.363030    1.805485    0.311531    1.713073    1.568891    1.530572    0.819974    0.911944    1.926826
Iteration: 11 bestvalit: 11.750000 bestmemit:    0.253546    0.020113    0.028097    0.054537    0.174039    0.287753    0.076467    0.109206    0.207361    0.692564    0.426703    0.014893    0.111764    0.035195    0.029729    0.008638    5.363030    1.805485    0.311531    1.713073    1.568891    1.530572    0.819974    0.911944    1.926826
Iteration: 12 bestvalit: 11.750000 bestmemit:    0.253546    0.020113    0.028097    0.054537    0.174039    0.287753    0.076467    0.109206    0.207361    0.692564    0.426703    0.014893    0.111764    0.035195    0.029729    0.008638    5.363030    1.805485    0.311531    1.713073    1.568891    1.530572    0.819974    0.911944    1.926826
Iteration: 13 bestvalit: 11.750000 bestmemit:    0.253546    0.020113    0.028097    0.054537    0.174039    0.287753    0.076467    0.109206    0.207361    0.692564    0.426703    0.014893    0.111764    0.035195    0.029729    0.008638    5.363030    1.805485    0.311531    1.713073    1.568891    1.530572    0.819974    0.911944    1.926826
Iteration: 14 bestvalit: 11.750000 bestmemit:    0.253546    0.020113    0.028097    0.054537    0.174039    0.287753    0.076467    0.109206    0.207361    0.692564    0.426703    0.014893    0.111764    0.035195    0.029729    0.008638    5.363030    1.805485    0.311531    1.713073    1.568891    1.530572    0.819974    0.911944    1.926826
Iteration: 15 bestvalit: 11.750000 bestmemit:    0.253546    0.020113    0.028097    0.054537    0.174039    0.287753    0.076467    0.109206    0.207361    0.692564    0.426703    0.014893    0.111764    0.035195    0.029729    0.008638    5.363030    1.805485    0.311531    1.713073    1.568891    1.530572    0.819974    0.911944    1.926826
Iteration: 16 bestvalit: 11.490000 bestmemit:    0.253546    0.020113    0.028097    0.054537    0.174039    0.287753    0.076467    0.109206    0.207361    0.692564    0.426703    0.014893    0.111764    0.035195    0.029729    0.008638    5.363030    1.805485    0.311531    1.713073    1.568891    1.530572    0.797957    0.920546    1.926826
Iteration: 17 bestvalit: 11.490000 bestmemit:    0.253546    0.020113    0.028097    0.054537    0.174039    0.287753    0.076467    0.109206    0.207361    0.692564    0.426703    0.014893    0.111764    0.035195    0.029729    0.008638    5.363030    1.805485    0.311531    1.713073    1.568891    1.530572    0.797957    0.920546    1.926826
Iteration: 18 bestvalit: 11.030000 bestmemit:    0.274933    0.083902    0.069892    0.045305    0.166009    0.419662    0.019242    0.431965    0.068541    0.771087    0.475118    0.338483    0.122074    0.016151    0.096311    0.022419    2.306232    2.310124    0.609583    1.628943    1.726952    1.583009    0.292141    1.169773    2.144197
Iteration: 19 bestvalit: 11.000000 bestmemit:    0.274933    0.083902    0.081094    0.003807    0.166009    0.419662    0.019242    0.431965    0.068541    0.771087    0.475118    0.338483    0.122074    0.016151    0.096311    0.022419    2.306232    2.310124    0.609583    1.628943    1.726952    1.583009    0.292141    1.169773    2.144197
Iteration: 20 bestvalit: 10.920000 bestmemit:    0.274933    0.083902    0.081094    0.003807    0.166009    0.419662    0.019242    0.431965    0.134474    0.771087    0.475118    0.338483    0.122074    0.016151    0.096311    0.022419    2.306232    2.310124    0.609583    1.628943    1.726952    1.583009    0.292141    1.169773    2.144197
Iteration: 21 bestvalit: 10.920000 bestmemit:    0.274933    0.083902    0.081094    0.003807    0.166009    0.419662    0.019242    0.431965    0.134474    0.771087    0.475118    0.338483    0.122074    0.016151    0.096311    0.022419    2.306232    1.650374    0.609583    1.628943    1.726952    1.583009    0.292141    1.169773    2.144197
Iteration: 22 bestvalit: 10.920000 bestmemit:    0.274933    0.083902    0.081094    0.003807    0.166009    0.419662    0.019242    0.431965    0.134474    0.771087    0.475118    0.338483    0.122074    0.016151    0.096311    0.022419    2.306232    1.650374    0.609583    1.628943    1.726952    1.583009    0.292141    1.169773    2.144197
Iteration: 23 bestvalit: 10.920000 bestmemit:    0.274933    0.083902    0.081094    0.003807    0.166009    0.419662    0.019242    0.431965    0.134474    0.771087    0.475118    0.338483    0.122074    0.016151    0.096311    0.022419    2.306232    1.650374    0.609583    1.628943    1.726952    1.583009    0.292141    1.169773    2.144197
Iteration: 24 bestvalit: 10.700000 bestmemit:    0.274933    0.083902    0.081094    0.003807    0.166009    0.419662    0.019242    0.431965    0.016420    0.771087    0.475118    0.338483    0.122074    0.016151    0.096311    0.022419    2.306232    1.650374    0.609583    1.628943    1.726952    1.583009    0.292141    1.169773    2.144197
Iteration: 25 bestvalit: 10.700000 bestmemit:    0.274933    0.083902    0.081094    0.003807    0.166009    0.419662    0.019242    0.431965    0.016420    0.771087    0.475118    0.338483    0.122074    0.016151    0.096311    0.022419    2.306232    1.650374    0.609583    1.628943    1.726952    1.583009    0.292141    1.169773    2.144197
Iteration: 26 bestvalit: 10.700000 bestmemit:    0.274933    0.083902    0.081094    0.003807    0.166009    0.419662    0.019242    0.431965    0.016420    0.771087    0.475118    0.338483    0.122074    0.016151    0.096311    0.022419    2.306232    1.650374    0.609583    1.628943    1.726952    1.583009    0.292141    1.169773    2.144197
Iteration: 27 bestvalit: 10.700000 bestmemit:    0.274933    0.083902    0.081094    0.003807    0.166009    0.419662    0.019242    0.431965    0.016420    0.771087    0.475118    0.338483    0.122074    0.016151    0.096311    0.022419    2.306232    1.650374    0.609583    1.628943    1.726952    1.583009    0.292141    1.169773    2.144197
Iteration: 28 bestvalit: 10.700000 bestmemit:    0.274933    0.083902    0.081094    0.003807    0.166009    0.419662    0.019242    0.431965    0.016420    0.771087    0.475118    0.338483    0.122074    0.016151    0.096311    0.022419    2.306232    1.650374    0.609583    1.628943    1.726952    1.583009    0.292141    1.169773    2.144197
Iteration: 29 bestvalit: 10.700000 bestmemit:    0.274933    0.083902    0.081094    0.003807    0.166009    0.419662    0.019242    0.431965    0.016420    0.771087    0.475118    0.338483    0.122074    0.016151    0.096311    0.022419    2.306232    1.650374    0.609583    1.628943    1.726952    1.583009    0.292141    1.169773    2.144197
Iteration: 30 bestvalit: 10.700000 bestmemit:    0.274933    0.083902    0.081094    0.003807    0.166009    0.419662    0.019242    0.431965    0.016420    0.771087    0.475118    0.338483    0.122074    0.016151    0.096311    0.022419    2.306232    1.650374    0.609583    1.628943    1.726952    1.583009    0.292141    1.169773    2.144197
Iteration: 31 bestvalit: 10.060000 bestmemit:    0.274933    0.083902    0.081094    0.003807    0.166009    0.419662    0.019242    0.431965    0.016420    0.771087    0.475118    0.338483    0.122074    0.016151    0.096311    0.022419    2.306232    1.650374    0.609583    1.628943    1.726952    1.583009    0.292141    1.019048    2.144197
Iteration: 32 bestvalit: 10.000000 bestmemit:    0.253783    0.083902    0.081094    0.003807    0.166009    0.419662    0.019242    0.431965    0.016420    0.771087    0.475118    0.338483    0.122074    0.016151    0.096311    0.022419    2.306232    1.650374    0.609583    1.628943    1.726952    1.583009    0.292141    1.019048    2.144197
Iteration: 33 bestvalit: 10.000000 bestmemit:    0.253783    0.091856    0.081094    0.003807    0.166009    0.419662    0.019242    0.431965    0.016420    0.771087    0.475118    0.338483    0.122074    0.016151    0.096311    0.022419    2.306232    1.650374    0.609583    1.628943    1.726952    1.583009    0.292141    1.019048    2.144197
Iteration: 34 bestvalit: 10.000000 bestmemit:    0.253783    0.091856    0.081094    0.003807    0.166009    0.419662    0.019242    0.431965    0.016420    0.771087    0.475118    0.338483    0.122074    0.016151    0.096311    0.022419    2.306232    1.650374    0.609583    1.628943    1.726952    1.583009    0.292141    1.019048    2.144197
Iteration: 35 bestvalit: 10.000000 bestmemit:    0.253783    0.091856    0.081094    0.003807    0.166009    0.419662    0.019242    0.431965    0.016420    0.771087    0.475118    0.338483    0.122074    0.016151    0.096311    0.022419    2.306232    1.650374    0.609583    1.628943    1.726952    1.583009    0.292141    1.019048    2.144197
Iteration: 36 bestvalit: 10.000000 bestmemit:    0.253783    0.091856    0.081094    0.003807    0.166009    0.419662    0.019242    0.460445    0.016420    0.771087    0.475118    0.338483    0.122074    0.016151    0.096311    0.022419    2.306232    1.650374    0.609583    1.628943    1.726952    1.583009    0.292141    1.019048    2.144197
Iteration: 37 bestvalit: 10.000000 bestmemit:    0.253783    0.091856    0.081094    0.003807    0.166009    0.419662    0.019242    0.460445    0.016420    0.771087    0.475118    0.288035    0.122074    0.016151    0.096311    0.022419    2.306232    1.650374    0.609583    1.628943    1.726952    1.583009    0.292141    1.019048    2.144197
Iteration: 38 bestvalit: 10.000000 bestmemit:    0.253783    0.091856    0.081094    0.003807    0.166009    0.419662    0.019242    0.460445    0.016420    0.771087    0.475118    0.288035    0.122074    0.016151    0.096311    0.022419    2.306232    1.650374    0.609583    1.628943    1.726952    1.583009    0.292141    1.019048    2.144197
Iteration: 39 bestvalit: 9.320000 bestmemit:    0.257718    0.054651    0.074153    0.009974    0.213047    0.178373    0.075056    0.389985    0.376211    0.651538    0.342542    0.267294    0.073424    0.041297    0.035737    0.072653    2.999177    1.950954    0.437400    1.603371    1.602441    1.509389    0.749277    0.831482    1.956730
Iteration: 40 bestvalit: 9.320000 bestmemit:    0.257718    0.054651    0.074153    0.009974    0.213047    0.178373    0.075056    0.389985    0.376211    0.651538    0.342542    0.267294    0.073424    0.041297    0.035737    0.072653    2.999177    1.950954    0.437400    1.603371    1.602441    1.509389    0.749277    0.831482    1.956730
Iteration: 41 bestvalit: 9.320000 bestmemit:    0.257718    0.054651    0.074153    0.009974    0.213047    0.178373    0.075056    0.389985    0.376211    0.651538    0.342542    0.267294    0.073424    0.041297    0.035737    0.072653    2.999177    1.950954    0.437400    1.603371    1.602441    1.509389    0.749277    0.831482    1.956730
Iteration: 42 bestvalit: 9.320000 bestmemit:    0.257718    0.054651    0.074153    0.009974    0.213047    0.178373    0.075056    0.389985    0.376211    0.651538    0.342542    0.267294    0.073424    0.041297    0.035737    0.072653    2.999177    1.950954    0.437400    1.603371    1.602441    1.509389    0.749277    0.831482    1.956730
Iteration: 43 bestvalit: 9.320000 bestmemit:    0.257718    0.054651    0.074153    0.009974    0.213047    0.178373    0.075056    0.389985    0.376211    0.651538    0.342542    0.267294    0.073424    0.041297    0.035737    0.072653    2.999177    1.950954    0.437400    1.603371    1.602441    1.509389    0.914617    0.831482    1.956730
Iteration: 44 bestvalit: 9.320000 bestmemit:    0.257718    0.054651    0.074153    0.009974    0.213047    0.178373    0.075056    0.389985    0.376211    0.651538    0.342542    0.267294    0.073424    0.041297    0.035737    0.072653    2.999177    1.950954    0.437400    1.603371    1.602441    1.509389    0.914617    0.831482    1.956730
Iteration: 45 bestvalit: 9.320000 bestmemit:    0.257718    0.054651    0.074153    0.009974    0.213047    0.178373    0.075056    0.389985    0.376211    0.651538    0.342542    0.267294    0.073424    0.041297    0.035737    0.072653    2.999177    1.950954    0.437400    1.603371    1.602441    1.509389    0.914617    0.831482    1.956730
Iteration: 46 bestvalit: 9.320000 bestmemit:    0.257718    0.054651    0.074153    0.009974    0.213047    0.178373    0.075056    0.389985    0.376211    0.651538    0.342542    0.267294    0.073424    0.041297    0.035737    0.072653    2.999177    1.950954    0.437400    1.603371    1.602441    1.509389    0.914617    0.831482    1.956730
Iteration: 47 bestvalit: 9.320000 bestmemit:    0.257718    0.054651    0.074153    0.075410    0.213047    0.178373    0.075056    0.389985    0.376211    0.651538    0.342542    0.267294    0.073424    0.041297    0.035737    0.072653    2.999177    1.950954    0.437400    1.603371    1.602441    1.509389    0.914617    0.831482    1.956730
Iteration: 48 bestvalit: 9.040000 bestmemit:    0.250206    0.051132    0.085812    0.040238    0.690100    0.122990    0.027562    0.005546    0.266080    0.598520    0.340675    0.439165    0.011449    0.019453    0.085460    0.050644    1.429025    2.130849    0.977864    1.649269    1.666082    1.617014    0.551542    0.852638    2.148341
Iteration: 49 bestvalit: 9.040000 bestmemit:    0.250206    0.051132    0.085812    0.040238    0.690100    0.122990    0.027562    0.005546    0.266080    0.598520    0.340675    0.439165    0.011449    0.019453    0.085460    0.050644    1.429025    2.130849    0.977864    1.649269    1.666082    1.617014    0.551542    0.852638    2.148341
Iteration: 50 bestvalit: 9.040000 bestmemit:    0.250206    0.051132    0.085812    0.040238    0.690100    0.122990    0.027562    0.005546    0.266080    0.598520    0.340675    0.439165    0.011449    0.019453    0.085460    0.050644    1.429025    2.130849    0.977864    1.649269    1.666082    1.617014    0.551542    0.852638    2.148341
Iteration: 51 bestvalit: 9.040000 bestmemit:    0.250206    0.051132    0.085812    0.040238    0.690100    0.122990    0.027562    0.005546    0.266080    0.598520    0.340675    0.439165    0.011449    0.019453    0.085460    0.050644    1.429025    2.130849    0.977864    1.649269    1.666082    1.617014    0.551542    0.852638    2.148341
Iteration: 52 bestvalit: 9.020000 bestmemit:    0.269945    0.094874    0.080844    0.077625    0.634811    0.122990    0.027562    0.005546    0.266080    0.598520    0.340675    0.439165    0.011449    0.019453    0.085460    0.050644    1.429025    2.130849    0.977864    1.649269    1.666082    1.617014    0.551542    0.852638    2.148341
Iteration: 53 bestvalit: 9.020000 bestmemit:    0.269945    0.094874    0.080844    0.077625    0.634811    0.122990    0.027562    0.005546    0.266080    0.598520    0.340675    0.439165    0.011449    0.019453    0.085460    0.050644    1.429025    2.130849    0.977864    1.649269    1.666082    1.617014    0.551542    0.852638    2.148341
Iteration: 54 bestvalit: 9.020000 bestmemit:    0.269945    0.094874    0.080844    0.077625    0.634811    0.122990    0.027562    0.005546    0.266080    0.598520    0.340675    0.439165    0.011449    0.019453    0.085460    0.050644    1.429025    2.130849    0.977864    1.649269    1.666082    1.617014    0.512515    0.852638    2.148341
Iteration: 55 bestvalit: 9.020000 bestmemit:    0.269945    0.094874    0.080844    0.077625    0.634811    0.122990    0.027562    0.005546    0.266080    0.598520    0.340675    0.439165    0.011449    0.019453    0.085460    0.050644    1.429025    2.130849    0.977864    1.649269    1.666082    1.617014    0.512515    0.852638    2.148341
Iteration: 56 bestvalit: 9.020000 bestmemit:    0.269945    0.094874    0.080844    0.077625    0.634811    0.122990    0.027562    0.005546    0.266080    0.598520    0.340675    0.439165    0.011449    0.019453    0.085460    0.050644    1.429025    2.130849    0.977864    1.649269    1.666082    1.617014    0.512515    0.852638    2.148341
Iteration: 57 bestvalit: 9.020000 bestmemit:    0.269945    0.094874    0.080844    0.077625    0.634811    0.122990    0.027562    0.005546    0.266080    0.598520    0.340675    0.439165    0.011449    0.019453    0.085460    0.050644    1.429025    2.130849    0.977864    1.649269    1.666082    1.617014    0.512515    0.852638    2.148341
Iteration: 58 bestvalit: 9.020000 bestmemit:    0.269945    0.094874    0.080844    0.077625    0.634811    0.122990    0.027562    0.005546    0.266080    0.598520    0.340675    0.439165    0.011449    0.019453    0.085460    0.050644    1.429025    2.130849    0.977864    1.649269    1.666082    1.617014    0.512515    0.852638    2.148341
Iteration: 59 bestvalit: 9.000000 bestmemit:    0.269945    0.094874    0.097412    0.077625    0.634811    0.122990    0.027562    0.005546    0.266080    0.598520    0.340675    0.439165    0.011449    0.019453    0.085460    0.050644    1.429025    2.130849    0.977864    1.649269    1.666082    1.617014    0.512515    0.852638    2.148341
Iteration: 60 bestvalit: 8.820000 bestmemit:    0.253783    0.047122    0.099171    0.009949    0.166009    0.112769    0.019242    0.460445    0.016420    0.771087    0.475118    0.288035    0.042765    0.016151    0.096311    0.022419    1.883449    1.650374    0.609583    1.628943    1.726952    1.583009    0.292141    0.846290    1.951422
Iteration: 61 bestvalit: 8.820000 bestmemit:    0.253783    0.047122    0.099171    0.009949    0.166009    0.112769    0.019242    0.460445    0.016420    0.771087    0.475118    0.288035    0.042765    0.016151    0.096311    0.022419    1.883449    1.650374    0.609583    1.628943    1.726952    1.583009    0.292141    0.846290    1.951422
Iteration: 62 bestvalit: 8.820000 bestmemit:    0.253783    0.047122    0.099171    0.009949    0.166009    0.112769    0.019242    0.460445    0.016420    0.771087    0.475118    0.288035    0.042765    0.016151    0.096311    0.022419    1.883449    1.650374    0.609583    1.628943    1.726952    1.583009    0.292141    0.846290    1.951422
Iteration: 63 bestvalit: 8.820000 bestmemit:    0.253783    0.047122    0.099171    0.009949    0.166009    0.112769    0.019242    0.460445    0.016420    0.771087    0.475118    0.288035    0.042765    0.016151    0.096311    0.022419    1.883449    1.650374    0.609583    1.628943    1.726952    1.583009    0.292141    0.846290    1.951422
Iteration: 64 bestvalit: 8.520000 bestmemit:    0.269945    0.094874    0.097412    0.077625    0.634811    0.122990    0.027562    0.005546    0.266080    0.598520    0.421382    0.439342    0.011449    0.019453    0.085460    0.050644    1.429025    2.130849    0.977864    1.649269    1.566286    1.579017    0.512515    0.852638    2.148341
Iteration: 65 bestvalit: 8.520000 bestmemit:    0.269945    0.094874    0.097412    0.077625    0.634811    0.122990    0.027562    0.005546    0.266080    0.598520    0.421382    0.439342    0.011449    0.019453    0.085460    0.050644    1.429025    2.130849    0.977864    1.649269    1.566286    1.579017    0.512515    0.852638    2.148341
Iteration: 66 bestvalit: 8.520000 bestmemit:    0.269945    0.094874    0.097412    0.077625    0.634811    0.122990    0.027562    0.005546    0.266080    0.598520    0.421382    0.439342    0.011449    0.019453    0.085460    0.050644    1.429025    2.130849    0.977864    1.649269    1.566286    1.579017    0.512515    0.852638    2.148341
Iteration: 67 bestvalit: 8.520000 bestmemit:    0.269945    0.094874    0.097412    0.077625    0.634811    0.122990    0.027562    0.005546    0.266080    0.598520    0.421382    0.439342    0.011449    0.019453    0.085460    0.050644    1.429025    2.130849    0.977864    1.649269    1.566286    1.579017    0.512515    0.852638    2.148341
Iteration: 68 bestvalit: 8.520000 bestmemit:    0.269945    0.094874    0.097412    0.077625    0.634811    0.122990    0.027562    0.005546    0.266080    0.598520    0.421382    0.439342    0.011449    0.019453    0.085460    0.050644    1.429025    2.130849    0.977864    1.649269    1.566286    1.579017    0.512515    0.852638    2.148341
Iteration: 69 bestvalit: 8.520000 bestmemit:    0.269945    0.094874    0.097412    0.077625    0.634811    0.122990    0.027562    0.005546    0.266080    0.598520    0.421382    0.439342    0.011449    0.019453    0.085460    0.050644    1.429025    2.130849    0.977864    1.649269    1.566286    1.579017    0.512515    0.852638    2.148341
Iteration: 70 bestvalit: 8.520000 bestmemit:    0.269945    0.094874    0.097412    0.077625    0.634811    0.122990    0.027562    0.005546    0.266080    0.598520    0.421382    0.439342    0.011449    0.019453    0.085460    0.050644    1.429025    2.130849    0.977864    1.649269    1.566286    1.579017    0.512515    0.852638    2.148341
Iteration: 71 bestvalit: 8.470000 bestmemit:    0.260122    0.083398    0.097412    0.077625    0.634811    0.122990    0.027562    0.005546    0.266080    0.598520    0.421382    0.439342    0.011449    0.019453    0.085460    0.050644    1.429025    2.130849    0.977864    1.649269    1.566286    1.579017    0.512515    0.852638    2.148341
Iteration: 72 bestvalit: 8.470000 bestmemit:    0.260122    0.083398    0.097412    0.077625    0.634811    0.122990    0.027562    0.005546    0.266080    0.598520    0.421382    0.439342    0.011449    0.019453    0.085460    0.050644    1.429025    2.130849    0.977864    1.649269    1.566286    1.579017    0.512515    0.852638    2.148341
Iteration: 73 bestvalit: 8.470000 bestmemit:    0.260122    0.083398    0.097412    0.077625    0.634811    0.122990    0.027562    0.005546    0.266080    0.598520    0.421382    0.439342    0.011449    0.019453    0.085460    0.050644    1.429025    2.130849    0.977864    1.649269    1.566286    1.579017    0.512515    0.852638    2.148341
Iteration: 74 bestvalit: 8.470000 bestmemit:    0.260122    0.083398    0.097412    0.077625    0.634811    0.122990    0.027562    0.005546    0.266080    0.598520    0.421382    0.439342    0.011449    0.019453    0.085460    0.050644    1.429025    2.130849    0.977864    1.649269    1.566286    1.579017    0.512515    0.852638    2.148341
Iteration: 75 bestvalit: 8.470000 bestmemit:    0.260122    0.083398    0.097412    0.077625    0.634811    0.122990    0.027562    0.005546    0.266080    0.598520    0.421382    0.439342    0.011449    0.019453    0.085460    0.050644    1.429025    2.130849    0.977864    1.649269    1.566286    1.579017    0.512515    0.852638    2.131300
Iteration: 76 bestvalit: 8.460000 bestmemit:    0.260122    0.083398    0.097412    0.077625    0.634811    0.122990    0.027562    0.005546    0.266080    0.598520    0.421382    0.439342    0.011449    0.019453    0.085460    0.050644    1.429025    2.130849    0.977864    1.801683    1.566286    1.579017    0.512515    0.852638    2.131300
Iteration: 77 bestvalit: 8.460000 bestmemit:    0.260122    0.083398    0.097412    0.077625    0.634811    0.122990    0.027562    0.005546    0.266080    0.598520    0.421382    0.439342    0.011449    0.019453    0.085460    0.050644    1.429025    2.130849    0.977864    1.801683    1.566286    1.579017    0.512515    0.852638    2.131300
Iteration: 78 bestvalit: 8.460000 bestmemit:    0.260122    0.083398    0.097412    0.077625    0.634811    0.122990    0.027562    0.005546    0.266080    0.631054    0.421382    0.439342    0.011449    0.019453    0.085460    0.050644    1.429025    2.130849    0.977864    1.801683    1.566286    1.579017    0.512515    0.852638    2.131300
Iteration: 79 bestvalit: 8.460000 bestmemit:    0.260122    0.083398    0.097412    0.077625    0.634811    0.122990    0.027562    0.005546    0.266080    0.631054    0.421382    0.439342    0.011449    0.019453    0.085460    0.050644    1.429025    2.130849    0.977864    1.801683    1.566286    1.579017    0.512515    0.852638    2.131300
Iteration: 80 bestvalit: 8.460000 bestmemit:    0.260122    0.083398    0.097412    0.077625    0.634811    0.122990    0.027562    0.005546    0.266080    0.631054    0.421382    0.439342    0.011449    0.019453    0.085460    0.050644    1.429025    2.130849    0.977864    1.801683    1.566286    1.579017    0.512515    0.852638    2.131300
Iteration: 81 bestvalit: 8.460000 bestmemit:    0.260122    0.083398    0.097412    0.077625    0.634811    0.122990    0.027562    0.005546    0.266080    0.631054    0.421382    0.439342    0.011449    0.019453    0.085460    0.050644    1.429025    2.130849    0.977864    1.801683    1.566286    1.579017    0.512515    0.852638    2.131300
Iteration: 82 bestvalit: 8.440000 bestmemit:    0.260122    0.083398    0.097412    0.077625    0.634811    0.122990    0.027562    0.005546    0.266080    0.631054    0.421382    0.439342    0.011449    0.019453    0.085460    0.050644    1.429025    2.130849    0.977864    1.801683    1.551793    1.579017    0.512515    0.852638    2.131300
Iteration: 83 bestvalit: 8.440000 bestmemit:    0.260122    0.083398    0.097412    0.077625    0.634811    0.122990    0.027562    0.005546    0.266080    0.631054    0.421382    0.439342    0.011449    0.019453    0.085460    0.050644    1.429025    2.130849    0.977864    1.801683    1.551793    1.579017    0.512515    0.852638    2.131300
Iteration: 84 bestvalit: 8.440000 bestmemit:    0.260122    0.083398    0.097412    0.077625    0.634811    0.122990    0.027562    0.005546    0.266080    0.631054    0.421382    0.439342    0.011449    0.019453    0.085460    0.050644    1.429025    2.130849    0.977864    1.801683    1.551793    1.579017    0.512515    0.852638    2.131300
Iteration: 85 bestvalit: 8.440000 bestmemit:    0.260122    0.083398    0.097412    0.077625    0.634811    0.122990    0.027562    0.005546    0.266080    0.631054    0.421382    0.439342    0.011449    0.019453    0.085460    0.050644    1.429025    2.130849    0.977864    1.801683    1.551793    1.579017    0.512515    0.852638    2.131300
Iteration: 86 bestvalit: 8.440000 bestmemit:    0.260122    0.083398    0.097412    0.077625    0.634811    0.122990    0.027562    0.005546    0.266080    0.631054    0.421382    0.439342    0.011449    0.019453    0.085460    0.050644    1.429025    2.130849    0.977864    1.801683    1.551793    1.579017    0.512515    0.852638    2.131300
Iteration: 87 bestvalit: 8.440000 bestmemit:    0.260122    0.083398    0.097412    0.077625    0.634811    0.122990    0.027562    0.005546    0.266080    0.631054    0.421382    0.439342    0.011449    0.019453    0.085460    0.050644    1.429025    2.130849    0.977864    1.801683    1.551793    1.579017    0.512515    0.852638    2.131300
Iteration: 88 bestvalit: 8.440000 bestmemit:    0.260122    0.083398    0.097412    0.077625    0.634811    0.122990    0.027562    0.005546    0.266080    0.631054    0.421382    0.439342    0.011449    0.019453    0.085460    0.050644    1.429025    2.130849    0.977864    1.801683    1.551793    1.579017    0.512515    0.852638    2.131300
Iteration: 89 bestvalit: 8.440000 bestmemit:    0.260122    0.083398    0.097412    0.077625    0.634811    0.122990    0.027562    0.005546    0.266080    0.631054    0.421382    0.439342    0.011449    0.019453    0.085460    0.050644    1.429025    2.130849    0.977864    1.801683    1.551793    1.579017    0.520102    0.852638    2.131300
Iteration: 90 bestvalit: 8.440000 bestmemit:    0.260122    0.083398    0.097412    0.077625    0.634811    0.122990    0.027562    0.005546    0.266080    0.631054    0.421382    0.439342    0.011449    0.019453    0.085460    0.050644    1.429025    2.130849    0.977864    1.801683    1.551793    1.579017    0.520102    0.852638    2.131300
Iteration: 91 bestvalit: 8.440000 bestmemit:    0.260122    0.083398    0.097412    0.077625    0.634811    0.122990    0.027562    0.005546    0.266080    0.631054    0.421382    0.439342    0.011449    0.019453    0.085460    0.050644    1.429025    2.130849    0.977864    1.801683    1.551793    1.579017    0.520102    0.852638    1.823418
Iteration: 92 bestvalit: 8.440000 bestmemit:    0.260122    0.083398    0.097412    0.077625    0.634811    0.122990    0.027562    0.005546    0.266080    0.631054    0.421382    0.439342    0.011449    0.019453    0.085460    0.050644    1.429025    2.130849    0.977864    1.801683    1.551793    1.579017    0.520102    0.852638    1.823418
Iteration: 93 bestvalit: 8.440000 bestmemit:    0.260122    0.083398    0.097412    0.077625    0.634811    0.122990    0.027562    0.005546    0.266080    0.631054    0.421382    0.439342    0.011449    0.019453    0.085460    0.050644    1.429025    2.130849    0.977864    1.801683    1.551793    1.579017    0.520102    0.852638    1.839001
Iteration: 94 bestvalit: 8.440000 bestmemit:    0.260122    0.083398    0.097412    0.077625    0.634811    0.122990    0.027562    0.005546    0.266080    0.631054    0.421382    0.439342    0.011449    0.019453    0.085460    0.050644    1.429025    2.130849    0.977864    1.801683    1.551793    1.579017    0.520102    0.852638    1.839001
Iteration: 95 bestvalit: 8.440000 bestmemit:    0.260122    0.083398    0.097412    0.077625    0.634811    0.122990    0.027562    0.005546    0.266080    0.631054    0.421382    0.439342    0.011449    0.019453    0.085460    0.050644    1.429025    2.130849    0.977864    1.801683    1.551793    1.579017    0.520102    0.852638    1.839001
Iteration: 96 bestvalit: 8.440000 bestmemit:    0.260122    0.083398    0.097412    0.077625    0.634811    0.122990    0.027562    0.005546    0.266080    0.631054    0.421382    0.439342    0.011449    0.019453    0.085460    0.050644    1.429025    2.130849    0.977864    1.801683    1.551793    1.579017    0.520102    0.852638    1.839001
Iteration: 97 bestvalit: 8.440000 bestmemit:    0.260122    0.083398    0.097412    0.077625    0.634811    0.122990    0.027562    0.005546    0.266080    0.631054    0.421382    0.439342    0.011449    0.019453    0.085460    0.050644    1.429025    2.130849    0.977864    1.801683    1.551793    1.579017    0.520102    0.852638    1.839001
Iteration: 98 bestvalit: 8.440000 bestmemit:    0.260122    0.083398    0.097412    0.077625    0.634811    0.122990    0.027562    0.005546    0.266080    0.631054    0.421382    0.439342    0.011449    0.019453    0.085460    0.050644    1.429025    2.130849    0.977864    1.801683    1.551793    1.579017    0.520102    0.852638    1.839001
Iteration: 99 bestvalit: 8.440000 bestmemit:    0.260122    0.083398    0.097412    0.077625    0.634811    0.122990    0.027562    0.005546    0.266080    0.631054    0.421382    0.439342    0.011449    0.019453    0.085460    0.050644    1.429025    2.130849    0.977864    1.801683    1.551793    1.579017    0.520102    0.852638    1.839001
Iteration: 100 bestvalit: 8.440000 bestmemit:    0.260122    0.083398    0.097412    0.077625    0.634811    0.122990    0.027562    0.005546    0.266080    0.631054    0.421382    0.439342    0.011449    0.019453    0.085460    0.050644    1.429025    2.130849    0.977864    1.801683    1.551793    1.579017    0.520102    0.852638    1.839001
Iteration: 101 bestvalit: 8.440000 bestmemit:    0.260122    0.083398    0.097412    0.077625    0.634811    0.122990    0.027562    0.005546    0.266080    0.631054    0.421382    0.439342    0.011449    0.019453    0.085460    0.050644    1.429025    2.130849    1.243454    1.801683    1.551793    1.579017    0.520102    0.852638    1.839001
Iteration: 102 bestvalit: 8.440000 bestmemit:    0.260122    0.083398    0.097412    0.077625    0.634811    0.122990    0.027562    0.005546    0.266080    0.631054    0.421382    0.439342    0.011449    0.019453    0.085460    0.050644    1.429025    2.130849    1.243454    1.801683    1.551793    1.579017    0.520102    0.852638    1.839001
Iteration: 103 bestvalit: 8.440000 bestmemit:    0.260122    0.083398    0.097412    0.077625    0.634811    0.122990    0.027562    0.005546    0.266080    0.631054    0.421382    0.439342    0.011449    0.019453    0.085460    0.050644    1.429025    2.130849    1.243454    1.801683    1.551793    1.579017    0.520102    0.852638    1.839001
Iteration: 104 bestvalit: 8.440000 bestmemit:    0.260122    0.083398    0.097412    0.077625    0.634811    0.122990    0.027562    0.005546    0.266080    0.631054    0.421382    0.439342    0.011449    0.019453    0.085460    0.050644    1.429025    2.130849    1.243454    1.801683    1.551793    1.579017    0.520102    0.852638    1.839001
Iteration: 105 bestvalit: 8.440000 bestmemit:    0.260122    0.083398    0.097412    0.077625    0.634811    0.122990    0.027562    0.005546    0.266080    0.631054    0.421382    0.439342    0.011449    0.019453    0.085460    0.050644    1.429025    2.130849    1.243454    1.801683    1.551793    1.579017    0.520102    0.852638    1.839001
Iteration: 106 bestvalit: 8.440000 bestmemit:    0.260122    0.083398    0.097412    0.077625    0.634811    0.122990    0.027562    0.005546    0.266080    0.631054    0.421382    0.439342    0.011449    0.019453    0.085460    0.050644    1.429025    2.130849    1.243454    1.801683    1.551793    1.579017    0.520102    0.852638    1.839001
Iteration: 107 bestvalit: 8.440000 bestmemit:    0.260122    0.083398    0.097412    0.077625    0.634811    0.122990    0.027562    0.005546    0.266080    0.631054    0.421382    0.439342    0.011449    0.019453    0.085460    0.050644    1.429025    2.130849    1.243454    1.801683    1.551793    1.579017    0.520102    0.852638    1.839001
Iteration: 108 bestvalit: 8.440000 bestmemit:    0.260122    0.083398    0.097412    0.077625    0.634811    0.122990    0.027562    0.005546    0.266080    0.631054    0.421382    0.439342    0.011449    0.019453    0.085460    0.050644    1.429025    2.130849    1.243454    1.801683    1.551793    1.579017    0.520102    0.852638    1.839001
Iteration: 109 bestvalit: 8.430000 bestmemit:    0.267179    0.021135    0.099845    0.073590    0.700942    0.241947    0.008237    0.220243    0.199299    0.752137    0.366950    0.262801    0.041738    0.012399    0.030686    0.092437    1.700237    1.013251    1.898740    1.844094    1.924596    1.571436    0.097049    0.908678    1.980777
Iteration: 110 bestvalit: 8.430000 bestmemit:    0.267179    0.021135    0.099845    0.073590    0.700942    0.241947    0.008237    0.220243    0.199299    0.752137    0.366950    0.262801    0.041738    0.012399    0.030686    0.092437    1.700237    1.013251    1.898740    1.844094    1.924596    1.571436    0.097049    0.908678    1.980777
Iteration: 111 bestvalit: 8.320000 bestmemit:    0.260122    0.083398    0.097412    0.077625    0.634811    0.122990    0.027562    0.005546    0.357697    0.631054    0.421382    0.439342    0.011449    0.019453    0.085460    0.050644    1.429025    2.130849    1.243454    1.801683    1.551793    1.579017    0.520102    0.852638    1.839001
Iteration: 112 bestvalit: 8.320000 bestmemit:    0.260122    0.083398    0.097412    0.077625    0.634811    0.122990    0.027562    0.005546    0.357697    0.631054    0.421382    0.439342    0.011449    0.019453    0.085460    0.050644    1.429025    2.130849    1.243454    1.801683    1.551793    1.579017    0.520102    0.852638    1.839001
Iteration: 113 bestvalit: 8.320000 bestmemit:    0.260122    0.083398    0.097412    0.077625    0.634811    0.122990    0.027562    0.005546    0.357697    0.631054    0.421382    0.439342    0.011449    0.019453    0.085460    0.050644    1.429025    2.130849    1.243454    1.801683    1.551793    1.579017    0.520102    0.852638    1.839001
Iteration: 114 bestvalit: 8.270000 bestmemit:    0.260122    0.083398    0.097412    0.077625    0.634811    0.122990    0.027562    0.005546    0.357697    0.631054    0.459189    0.439342    0.011449    0.019453    0.085460    0.050644    1.429025    2.130849    1.243454    1.801683    1.551793    1.579017    0.520102    0.852638    1.839001
Iteration: 115 bestvalit: 8.270000 bestmemit:    0.260122    0.083398    0.097412    0.077625    0.634811    0.122990    0.027562    0.005546    0.357697    0.631054    0.459189    0.439342    0.011449    0.019453    0.085460    0.050644    1.429025    2.130849    1.243454    1.801683    1.551793    1.579017    0.520102    0.852638    1.839001
Iteration: 116 bestvalit: 8.270000 bestmemit:    0.260122    0.083398    0.097412    0.077625    0.634811    0.122990    0.027562    0.005546    0.357697    0.631054    0.459189    0.439342    0.011449    0.019453    0.085460    0.050644    1.429025    2.130849    1.243454    1.801683    1.551793    1.579017    0.520102    0.852638    1.839001
Iteration: 117 bestvalit: 8.180000 bestmemit:    0.265792    0.085017    0.090539    0.013089    0.795940    0.387171    0.009145    0.007590    0.262031    0.772442    0.464359    0.278358    0.030488    0.008597    0.022280    0.018198    1.214190    0.441225    0.712287    1.924530    1.638970    1.509790    0.550601    0.848619    1.975841
Iteration: 118 bestvalit: 8.180000 bestmemit:    0.265792    0.085017    0.090539    0.013089    0.795940    0.387171    0.009145    0.007590    0.262031    0.772442    0.464359    0.278358    0.030488    0.008597    0.022280    0.018198    1.214190    0.441225    0.712287    1.924530    1.638970    1.509790    0.550601    0.848619    1.975841
Iteration: 119 bestvalit: 8.180000 bestmemit:    0.265792    0.085017    0.090539    0.013089    0.795940    0.387171    0.009145    0.007590    0.262031    0.772442    0.464359    0.278358    0.030488    0.008597    0.022280    0.018198    1.214190    0.441225    0.712287    1.924530    1.638970    1.509790    0.550601    0.848619    1.975841
Iteration: 120 bestvalit: 8.180000 bestmemit:    0.265792    0.085017    0.090539    0.013089    0.795940    0.387171    0.009145    0.007590    0.262031    0.772442    0.464359    0.278358    0.030488    0.008597    0.022280    0.018198    1.214190    0.441225    0.712287    1.924530    1.638970    1.509790    0.550601    0.848619    1.975841
Iteration: 121 bestvalit: 8.180000 bestmemit:    0.265792    0.085017    0.090539    0.013089    0.795940    0.387171    0.009145    0.007590    0.262031    0.772442    0.464359    0.278358    0.030488    0.008597    0.022280    0.018198    1.214190    0.441225    0.712287    1.924530    1.638970    1.509790    0.550601    0.848619    1.975841
Iteration: 122 bestvalit: 8.180000 bestmemit:    0.265792    0.085017    0.090539    0.013089    0.795940    0.387171    0.009145    0.007590    0.262031    0.772442    0.464359    0.278358    0.030488    0.008597    0.022280    0.018198    1.214190    0.441225    0.712287    1.924530    1.638970    1.509790    0.550601    0.848619    1.975841
Iteration: 123 bestvalit: 8.180000 bestmemit:    0.265792    0.085017    0.090539    0.013089    0.795940    0.387171    0.009145    0.007590    0.262031    0.772442    0.464359    0.278358    0.030488    0.008597    0.022280    0.018198    1.214190    0.441225    0.712287    1.924530    1.638970    1.509790    0.550601    0.848619    1.975841
Iteration: 124 bestvalit: 8.180000 bestmemit:    0.265792    0.085017    0.090539    0.013089    0.795940    0.387171    0.009145    0.007590    0.262031    0.772442    0.464359    0.278358    0.030488    0.008597    0.022280    0.018198    1.214190    0.441225    0.712287    1.924530    1.638970    1.509790    0.550601    0.848619    1.975841
Iteration: 125 bestvalit: 8.180000 bestmemit:    0.265792    0.085017    0.090539    0.013089    0.795940    0.387171    0.009145    0.007590    0.262031    0.772442    0.464359    0.278358    0.030488    0.008597    0.022280    0.018198    1.214190    0.441225    0.712287    1.924530    1.638970    1.509790    0.550601    0.848619    1.975841
Iteration: 126 bestvalit: 8.180000 bestmemit:    0.265792    0.085017    0.090539    0.013089    0.795940    0.387171    0.009145    0.007590    0.262031    0.772442    0.464359    0.278358    0.030488    0.008597    0.022280    0.018198    1.214190    0.441225    0.712287    1.924530    1.638970    1.509790    0.550601    0.848619    1.975841
Iteration: 127 bestvalit: 8.180000 bestmemit:    0.265792    0.085017    0.090539    0.013089    0.795940    0.387171    0.009145    0.007590    0.262031    0.772442    0.464359    0.278358    0.030488    0.008597    0.022280    0.018198    1.214190    0.441225    0.712287    1.924530    1.638970    1.509790    0.550601    0.848619    1.975841
Iteration: 128 bestvalit: 8.180000 bestmemit:    0.265792    0.085017    0.090539    0.013089    0.795940    0.387171    0.009145    0.007590    0.262031    0.772442    0.464359    0.278358    0.030488    0.008597    0.022280    0.018198    1.214190    0.441225    0.712287    1.924530    1.638970    1.509790    0.550601    0.848619    1.975841
Iteration: 129 bestvalit: 8.180000 bestmemit:    0.265792    0.085017    0.090539    0.013089    0.795940    0.387171    0.009145    0.007590    0.262031    0.772442    0.464359    0.278358    0.030488    0.008597    0.022280    0.018198    1.214190    0.441225    0.712287    1.924530    1.638970    1.509790    0.550601    0.848619    1.975841
Iteration: 130 bestvalit: 8.180000 bestmemit:    0.265792    0.085017    0.090539    0.013089    0.795940    0.387171    0.009145    0.007590    0.262031    0.772442    0.464359    0.278358    0.030488    0.008597    0.022280    0.018198    1.214190    0.441225    0.712287    1.924530    1.638970    1.509790    0.550601    0.848619    1.975841
Iteration: 131 bestvalit: 8.110000 bestmemit:    0.265792    0.085017    0.090539    0.013089    0.795940    0.387171    0.009145    0.029935    0.154401    0.772442    0.464359    0.278358    0.030488    0.008597    0.022280    0.018198    1.214190    0.441225    0.712287    1.924530    1.638970    1.509790    0.550601    0.848619    1.975841
Iteration: 132 bestvalit: 8.110000 bestmemit:    0.265792    0.085017    0.090539    0.010539    0.795940    0.387171    0.009145    0.029935    0.154401    0.772442    0.464359    0.278358    0.030488    0.008597    0.022280    0.018198    1.214190    0.441225    0.712287    1.924530    1.638970    1.509790    0.550601    0.848619    1.975841
Iteration: 133 bestvalit: 8.110000 bestmemit:    0.265792    0.085017    0.090539    0.010539    0.795940    0.387171    0.009145    0.029935    0.154401    0.772442    0.464359    0.278358    0.030488    0.008597    0.022280    0.018198    1.214190    0.441225    0.712287    1.924530    1.638970    1.509790    0.550601    0.848619    1.975841
Iteration: 134 bestvalit: 8.110000 bestmemit:    0.265792    0.085017    0.090539    0.010539    0.795940    0.387171    0.009145    0.029935    0.154401    0.772442    0.464359    0.278358    0.030488    0.008597    0.022280    0.018198    1.214190    0.441225    0.712287    1.924530    1.638970    1.509790    0.550601    0.848619    1.975841
Iteration: 135 bestvalit: 8.110000 bestmemit:    0.265792    0.085017    0.090539    0.010539    0.795940    0.387171    0.009145    0.029935    0.154401    0.772442    0.464359    0.278358    0.030488    0.008597    0.022280    0.018198    1.214190    0.441225    0.712287    1.924530    1.638970    1.509790    0.550601    0.848619    1.975841
Iteration: 136 bestvalit: 8.070000 bestmemit:    0.265792    0.085017    0.090539    0.010539    0.795940    0.387171    0.009145    0.029935    0.013212    0.772442    0.464359    0.278358    0.030488    0.008597    0.022280    0.018198    1.214190    0.441225    0.712287    1.924530    1.638970    1.509790    0.550601    0.848619    1.975841
Iteration: 137 bestvalit: 8.070000 bestmemit:    0.265792    0.085017    0.090539    0.010539    0.795940    0.387171    0.009145    0.029935    0.013212    0.772442    0.464359    0.278358    0.030488    0.008597    0.022280    0.018198    1.214190    0.441225    0.712287    1.924530    1.638970    1.509790    0.550601    0.848619    1.975841
Iteration: 138 bestvalit: 8.070000 bestmemit:    0.265792    0.085017    0.090539    0.010539    0.795940    0.387171    0.009145    0.029935    0.013212    0.772442    0.464359    0.278358    0.030488    0.008597    0.022280    0.018198    1.214190    0.441225    0.712287    1.924530    1.638970    1.509790    0.550601    0.848619    1.975841
